# File generated by CMD 2.7 (http://stev.oapd.inaf.it/cmd) on Mon Jun 15 15:40:22 CEST 2015
# Basic reference: Marigo et al. (2008, A&A 482, 883) 
# but applying the corrections from Case A in Girardi et al. (2010, ApJ 724, 1030) 
# + Bertelli et al. (1994, A&AS, 106, 275) for the Mi>7.0 Msun interval
# Photometric system: <i>UBVRIJHK</i> (cf. Maiz-Apellaniz 2006 + Bessell 1990)
# Using OBC version of bolometric corrections as detailed in Marigo et al. (2008, A&A 482, 883) and Girardi et al. (2008, PASP 120, 583)
# BCs of Carbon stars derive from Loidl et al. (2001, A&A 342, 531)
# O-rich circumstellar dust ignored
# C-rich circumstellar dust ignored
# IMF: Kroupa (2001, 2002) + Kroupa et al. (2013) canonical two-part-power law IMF corrected for unresolved binaries 
# Kind of output: SSP integrated magnitudes
#	Z	Age		mbol    U       B       V       R       I       J       H       K
	0.0100	3.98e+06	-2.457	-0.965	-0.015	0.186	0.263	0.367	0.600	0.651	0.707
	0.0100	4.07e+06	-2.416	-0.951	-0.008	0.192	0.271	0.374	0.610	0.664	0.720
	0.0100	4.17e+06	-2.369	-0.933	0.005	0.204	0.282	0.387	0.625	0.680	0.737
	0.0100	4.27e+06	-2.324	-0.916	0.016	0.214	0.292	0.396	0.636	0.693	0.751
	0.0100	4.37e+06	-2.286	-0.901	0.023	0.220	0.298	0.402	0.642	0.701	0.759
	0.0100	4.47e+06	-2.248	-0.886	0.030	0.226	0.303	0.406	0.646	0.704	0.763
	0.0100	4.57e+06	-2.208	-0.870	0.035	0.229	0.304	0.406	0.644	0.702	0.760
	0.0100	4.68e+06	-2.167	-0.855	0.038	0.229	0.303	0.402	0.635	0.692	0.748
	0.0100	4.79e+06	-2.123	-0.841	0.039	0.225	0.296	0.391	0.616	0.669	0.724
	0.0100	4.90e+06	-2.078	-0.823	0.042	0.221	0.287	0.377	0.588	0.635	0.686
	0.0100	5.01e+06	-2.031	-0.804	0.046	0.217	0.275	0.356	0.547	0.581	0.626
	0.0100	5.13e+06	-1.983	-0.759	0.089	0.236	0.269	0.312	0.401	0.330	0.346
	0.0100	5.25e+06	-1.937	-0.710	0.148	0.288	0.312	0.344	0.403	0.305	0.314
	0.0100	5.37e+06	-1.889	-0.686	0.136	0.262	0.278	0.299	0.338	0.234	0.240
	0.0100	5.50e+06	-1.837	-0.648	0.152	0.267	0.276	0.286	0.305	0.191	0.193
	0.0100	5.62e+06	-1.803	-0.632	0.133	0.236	0.237	0.238	0.237	0.116	0.115
	0.0100	5.75e+06	-1.771	-0.633	0.096	0.184	0.175	0.164	0.144	0.018	0.014
	0.0100	5.89e+06	-1.740	-0.630	0.063	0.131	0.112	0.088	0.046	-0.087	-0.095
	0.0100	6.03e+06	-1.708	-0.618	0.033	0.081	0.050	0.011	-0.057	-0.199	-0.211
	0.0100	6.17e+06	-1.675	-0.596	0.016	0.039	-0.009	-0.066	-0.165	-0.319	-0.336
	0.0100	6.31e+06	-1.640	-0.562	0.013	0.007	-0.061	-0.140	-0.276	-0.448	-0.470
	0.0100	6.46e+06	-1.605	-0.515	0.030	-0.013	-0.107	-0.214	-0.393	-0.588	-0.617
	0.0100	6.61e+06	-1.569	-0.451	0.069	-0.019	-0.144	-0.281	-0.511	-0.738	-0.772
	0.0100	6.76e+06	-1.533	-0.370	0.137	-0.002	-0.163	-0.337	-0.625	-0.892	-0.933
	0.0100	6.92e+06	-1.495	-0.283	0.240	0.061	-0.131	-0.334	-0.672	-0.975	-1.021
	0.0100	7.08e+06	-1.456	-0.188	0.368	0.143	-0.085	-0.319	-0.705	-1.042	-1.093
	0.0100	7.24e+06	-1.416	-0.139	0.457	0.239	0.001	-0.246	-0.674	-1.054	-1.109
	0.0100	7.41e+06	-1.381	-0.123	0.476	0.279	0.054	-0.185	-0.606	-0.989	-1.045
	0.0100	7.59e+06	-1.348	-0.111	0.481	0.298	0.083	-0.148	-0.560	-0.939	-0.995
	0.0100	7.76e+06	-1.316	-0.100	0.488	0.318	0.113	-0.109	-0.513	-0.890	-0.946
	0.0100	7.94e+06	-1.285	-0.089	0.493	0.339	0.144	-0.070	-0.466	-0.842	-0.899
	0.0100	8.13e+06	-1.253	-0.077	0.501	0.361	0.176	-0.029	-0.419	-0.796	-0.854
	0.0100	8.32e+06	-1.221	-0.064	0.509	0.385	0.210	0.012	-0.372	-0.751	-0.810
	0.0100	8.51e+06	-1.188	-0.050	0.520	0.411	0.245	0.053	-0.326	-0.708	-0.769
	0.0100	8.71e+06	-1.154	-0.033	0.534	0.439	0.281	0.096	-0.280	-0.667	-0.729
	0.0100	8.91e+06	-1.120	-0.016	0.551	0.468	0.318	0.138	-0.235	-0.628	-0.692
	0.0100	9.12e+06	-1.085	0.003	0.571	0.499	0.356	0.181	-0.192	-0.591	-0.657
	0.0100	9.33e+06	-1.049	0.025	0.596	0.534	0.395	0.224	-0.149	-0.556	-0.624
	0.0100	9.55e+06	-1.011	0.050	0.625	0.571	0.437	0.268	-0.107	-0.524	-0.593
	0.0100	9.77e+06	-0.972	0.077	0.659	0.612	0.481	0.312	-0.066	-0.494	-0.566
	0.0100	1.00e+07	-0.933	0.106	0.695	0.655	0.526	0.358	-0.026	-0.466	-0.541
	0.0100	1.02e+07	-0.893	0.138	0.736	0.702	0.575	0.406	0.013	-0.441	-0.519
	0.0100	1.05e+07	-0.849	0.191	0.822	0.813	0.692	0.519	0.086	-0.426	-0.518
	0.0100	1.07e+07	-0.802	0.257	0.905	0.897	0.772	0.592	0.142	-0.385	-0.480
	0.0100	1.10e+07	-0.757	0.304	0.975	0.981	0.867	0.698	0.261	-0.264	-0.359
	0.0100	1.12e+07	-0.728	0.328	0.998	1.002	0.886	0.714	0.274	-0.254	-0.349
	0.0100	1.15e+07	-0.698	0.352	1.020	1.022	0.905	0.731	0.288	-0.243	-0.339
	0.0100	1.17e+07	-0.669	0.376	1.042	1.043	0.925	0.749	0.302	-0.233	-0.329
	0.0100	1.20e+07	-0.640	0.400	1.064	1.064	0.944	0.767	0.316	-0.222	-0.320
	0.0100	1.23e+07	-0.610	0.423	1.086	1.085	0.965	0.786	0.330	-0.212	-0.311
	0.0100	1.26e+07	-0.580	0.447	1.107	1.107	0.986	0.805	0.344	-0.203	-0.302
	0.0100	1.29e+07	-0.550	0.472	1.129	1.129	1.007	0.825	0.358	-0.194	-0.294
	0.0100	1.32e+07	-0.519	0.496	1.152	1.152	1.029	0.844	0.372	-0.185	-0.286
	0.0100	1.35e+07	-0.488	0.521	1.175	1.175	1.051	0.865	0.386	-0.176	-0.278
	0.0100	1.38e+07	-0.456	0.547	1.199	1.199	1.074	0.885	0.400	-0.168	-0.271
	0.0100	1.41e+07	-0.422	0.574	1.226	1.225	1.098	0.906	0.414	-0.160	-0.263
	0.0100	1.45e+07	-0.389	0.602	1.253	1.252	1.123	0.927	0.428	-0.152	-0.257
	0.0100	1.48e+07	-0.355	0.632	1.283	1.280	1.148	0.949	0.442	-0.144	-0.250
	0.0100	1.51e+07	-0.318	0.660	1.314	1.315	1.188	0.994	0.496	-0.086	-0.191
	0.0100	1.55e+07	-0.281	0.695	1.356	1.363	1.242	1.054	0.565	-0.013	-0.117
	0.0100	1.58e+07	-0.241	0.746	1.415	1.420	1.294	1.099	0.596	0.008	-0.097
	0.0100	1.62e+07	-0.208	0.769	1.434	1.442	1.320	1.132	0.641	0.061	-0.043
	0.0100	1.66e+07	-0.180	0.793	1.452	1.457	1.333	1.143	0.650	0.069	-0.035
	0.0100	1.70e+07	-0.151	0.816	1.469	1.472	1.346	1.154	0.659	0.077	-0.027
	0.0100	1.74e+07	-0.123	0.839	1.487	1.487	1.359	1.165	0.667	0.085	-0.020
	0.0100	1.78e+07	-0.095	0.862	1.504	1.502	1.372	1.176	0.676	0.093	-0.011
	0.0100	1.82e+07	-0.067	0.885	1.522	1.517	1.386	1.188	0.685	0.101	-0.003
	0.0100	1.86e+07	-0.039	0.909	1.540	1.532	1.399	1.199	0.694	0.110	0.006
	0.0100	1.91e+07	-0.010	0.933	1.557	1.547	1.412	1.210	0.703	0.118	0.014
	0.0100	1.95e+07	0.018	0.957	1.576	1.562	1.426	1.222	0.713	0.127	0.023
	0.0100	2.00e+07	0.047	0.981	1.594	1.578	1.440	1.234	0.722	0.136	0.032
	0.0100	2.04e+07	0.075	1.005	1.613	1.594	1.454	1.246	0.732	0.145	0.041
	0.0100	2.09e+07	0.105	1.030	1.632	1.610	1.468	1.258	0.741	0.154	0.050
	0.0100	2.14e+07	0.134	1.055	1.652	1.627	1.483	1.271	0.751	0.163	0.059
	0.0100	2.19e+07	0.163	1.080	1.671	1.644	1.497	1.283	0.761	0.172	0.069
	0.0100	2.24e+07	0.193	1.106	1.691	1.661	1.512	1.296	0.771	0.181	0.078
	0.0100	2.29e+07	0.223	1.132	1.711	1.678	1.527	1.309	0.782	0.191	0.087
	0.0100	2.34e+07	0.253	1.158	1.732	1.695	1.543	1.322	0.792	0.200	0.097
	0.0100	2.40e+07	0.283	1.184	1.753	1.713	1.558	1.336	0.803	0.210	0.107
	0.0100	2.45e+07	0.313	1.211	1.775	1.731	1.574	1.349	0.813	0.220	0.117
	0.0100	2.51e+07	0.344	1.238	1.796	1.750	1.590	1.363	0.824	0.230	0.127
	0.0100	2.57e+07	0.374	1.264	1.818	1.768	1.606	1.376	0.835	0.240	0.137
	0.0100	2.63e+07	0.404	1.291	1.840	1.786	1.622	1.390	0.846	0.250	0.147
	0.0100	2.69e+07	0.435	1.319	1.863	1.806	1.639	1.404	0.857	0.260	0.157
	0.0100	2.75e+07	0.467	1.347	1.886	1.825	1.656	1.419	0.869	0.270	0.167
	0.0100	2.82e+07	0.498	1.375	1.910	1.845	1.673	1.433	0.880	0.280	0.177
	0.0100	2.88e+07	0.530	1.404	1.935	1.866	1.691	1.448	0.892	0.291	0.188
	0.0100	2.95e+07	0.563	1.434	1.960	1.887	1.709	1.463	0.904	0.301	0.198
	0.0100	3.02e+07	0.596	1.465	1.986	1.909	1.728	1.479	0.916	0.313	0.210
	0.0100	3.09e+07	0.630	1.497	2.014	1.932	1.747	1.496	0.928	0.323	0.220
	0.0100	3.16e+07	0.665	1.531	2.042	1.955	1.767	1.512	0.941	0.335	0.231
	0.0100	3.24e+07	0.706	1.558	2.069	1.990	1.812	1.570	1.021	0.429	0.328
	0.0100	3.31e+07	0.745	1.587	2.104	2.034	1.864	1.630	1.092	0.504	0.405
	0.0100	3.39e+07	0.787	1.624	2.152	2.089	1.924	1.696	1.167	0.582	0.484
	0.0100	3.47e+07	0.813	1.641	2.163	2.100	1.937	1.711	1.188	0.609	0.511
	0.0100	3.55e+07	0.840	1.657	2.174	2.112	1.950	1.727	1.211	0.636	0.539
	0.0100	3.63e+07	0.866	1.674	2.185	2.123	1.963	1.743	1.233	0.663	0.567
	0.0100	3.72e+07	0.892	1.690	2.197	2.134	1.976	1.759	1.255	0.689	0.595
	0.0100	3.80e+07	0.919	1.707	2.208	2.146	1.990	1.776	1.277	0.716	0.623
	0.0100	3.89e+07	0.945	1.724	2.220	2.158	2.004	1.792	1.300	0.743	0.651
	0.0100	3.98e+07	0.972	1.741	2.231	2.170	2.017	1.808	1.322	0.770	0.679
	0.0100	4.07e+07	0.998	1.757	2.243	2.182	2.031	1.825	1.344	0.797	0.707
	0.0100	4.17e+07	1.025	1.774	2.255	2.195	2.045	1.842	1.367	0.824	0.735
	0.0100	4.27e+07	1.051	1.792	2.267	2.207	2.059	1.858	1.389	0.851	0.763
	0.0100	4.37e+07	1.079	1.809	2.280	2.220	2.074	1.875	1.412	0.878	0.791
	0.0100	4.47e+07	1.106	1.827	2.292	2.233	2.089	1.892	1.434	0.906	0.820
	0.0100	4.57e+07	1.133	1.845	2.305	2.246	2.103	1.909	1.457	0.933	0.848
	0.0100	4.68e+07	1.160	1.862	2.318	2.260	2.118	1.927	1.480	0.960	0.876
	0.0100	4.79e+07	1.187	1.880	2.331	2.273	2.133	1.944	1.502	0.988	0.904
	0.0100	4.90e+07	1.214	1.898	2.344	2.287	2.148	1.961	1.525	1.015	0.933
	0.0100	5.01e+07	1.242	1.916	2.357	2.301	2.163	1.979	1.548	1.042	0.961
	0.0100	5.13e+07	1.270	1.935	2.371	2.315	2.179	1.997	1.571	1.070	0.990
	0.0100	5.25e+07	1.298	1.954	2.386	2.330	2.196	2.016	1.597	1.101	1.022
	0.0100	5.37e+07	1.327	1.972	2.400	2.346	2.216	2.040	1.631	1.143	1.065
	0.0100	5.50e+07	1.356	1.993	2.417	2.364	2.235	2.062	1.658	1.174	1.098
	0.0100	5.62e+07	1.387	2.016	2.438	2.384	2.256	2.084	1.684	1.204	1.128
	0.0100	5.75e+07	1.414	2.037	2.452	2.398	2.270	2.099	1.702	1.226	1.151
	0.0100	5.89e+07	1.440	2.057	2.467	2.411	2.283	2.112	1.717	1.245	1.170
	0.0100	6.03e+07	1.467	2.078	2.483	2.424	2.296	2.126	1.733	1.263	1.189
	0.0100	6.17e+07	1.493	2.098	2.498	2.438	2.309	2.139	1.748	1.281	1.208
	0.0100	6.31e+07	1.520	2.119	2.514	2.452	2.322	2.152	1.763	1.299	1.227
	0.0100	6.46e+07	1.547	2.141	2.530	2.466	2.336	2.166	1.778	1.317	1.245
	0.0100	6.61e+07	1.575	2.162	2.546	2.480	2.349	2.179	1.794	1.335	1.264
	0.0100	6.76e+07	1.602	2.185	2.563	2.495	2.363	2.193	1.809	1.353	1.282
	0.0100	6.92e+07	1.630	2.207	2.581	2.510	2.378	2.207	1.824	1.370	1.300
	0.0100	7.08e+07	1.658	2.230	2.599	2.525	2.392	2.222	1.840	1.388	1.318
	0.0100	7.24e+07	1.687	2.253	2.617	2.542	2.409	2.240	1.862	1.415	1.346
	0.0100	7.41e+07	1.716	2.274	2.635	2.560	2.428	2.260	1.888	1.446	1.378
	0.0100	7.59e+07	1.745	2.299	2.657	2.580	2.447	2.279	1.909	1.470	1.402
	0.0100	7.76e+07	1.775	2.325	2.681	2.602	2.469	2.300	1.930	1.492	1.425
	0.0100	7.94e+07	1.802	2.345	2.698	2.617	2.484	2.317	1.951	1.518	1.452
	0.0100	8.13e+07	1.827	2.366	2.715	2.631	2.497	2.329	1.963	1.532	1.466
	0.0100	8.32e+07	1.853	2.387	2.732	2.646	2.510	2.341	1.976	1.547	1.481
	0.0100	8.51e+07	1.878	2.409	2.749	2.660	2.523	2.354	1.989	1.561	1.495
	0.0100	8.71e+07	1.904	2.430	2.767	2.675	2.537	2.366	2.002	1.575	1.510
	0.0100	8.91e+07	1.930	2.453	2.785	2.690	2.550	2.379	2.014	1.589	1.524
	0.0100	9.12e+07	1.956	2.474	2.803	2.705	2.564	2.392	2.027	1.602	1.537
	0.0100	9.33e+07	1.982	2.497	2.822	2.721	2.578	2.405	2.039	1.616	1.551
	0.0100	9.55e+07	2.009	2.519	2.840	2.737	2.592	2.418	2.052	1.629	1.565
	0.0100	9.77e+07	2.036	2.542	2.860	2.753	2.607	2.431	2.065	1.643	1.578
	0.0100	1.00e+08	2.062	2.565	2.879	2.769	2.622	2.445	2.077	1.656	1.592
	0.0100	1.02e+08	2.089	2.589	2.898	2.785	2.636	2.458	2.089	1.668	1.603
	0.0100	1.05e+08	2.116	2.613	2.918	2.802	2.652	2.472	2.102	1.680	1.616
	0.0100	1.07e+08	2.142	2.636	2.938	2.819	2.668	2.487	2.117	1.697	1.632
	0.0100	1.10e+08	2.169	2.659	2.957	2.837	2.684	2.502	2.132	1.712	1.647
	0.0100	1.12e+08	2.197	2.686	2.983	2.858	2.702	2.517	2.143	1.722	1.657
	0.0100	1.15e+08	2.225	2.711	3.004	2.877	2.719	2.533	2.158	1.736	1.672
	0.0100	1.17e+08	2.252	2.735	3.024	2.895	2.737	2.550	2.174	1.752	1.687
	0.0100	1.20e+08	2.218	2.757	3.041	2.907	2.740	2.518	1.920	1.337	1.220
	0.0100	1.23e+08	2.240	2.779	3.059	2.923	2.754	2.530	1.919	1.330	1.211
	0.0100	1.26e+08	2.261	2.802	3.077	2.939	2.769	2.541	1.917	1.320	1.199
	0.0100	1.29e+08	2.282	2.825	3.095	2.955	2.783	2.552	1.913	1.309	1.185
	0.0100	1.32e+08	2.303	2.848	3.113	2.971	2.798	2.564	1.912	1.300	1.174
	0.0100	1.35e+08	2.325	2.871	3.132	2.988	2.814	2.578	1.912	1.294	1.166
	0.0100	1.38e+08	2.346	2.893	3.149	3.005	2.830	2.591	1.911	1.284	1.154
	0.0100	1.41e+08	2.368	2.921	3.173	3.025	2.848	2.604	1.911	1.278	1.146
	0.0100	1.45e+08	2.390	2.952	3.201	3.048	2.866	2.616	1.902	1.259	1.125
	0.0100	1.48e+08	2.412	2.977	3.221	3.067	2.884	2.631	1.903	1.253	1.117
	0.0100	1.51e+08	2.438	3.001	3.240	3.085	2.903	2.650	1.922	1.272	1.136
	0.0100	1.55e+08	2.459	3.024	3.258	3.101	2.917	2.661	1.923	1.270	1.132
	0.0100	1.59e+08	2.480	3.048	3.276	3.116	2.931	2.673	1.926	1.268	1.129
	0.0100	1.62e+08	2.501	3.072	3.295	3.132	2.946	2.685	1.927	1.265	1.125
	0.0100	1.66e+08	2.521	3.096	3.313	3.149	2.961	2.697	1.927	1.259	1.118
	0.0100	1.70e+08	2.542	3.121	3.332	3.165	2.976	2.709	1.929	1.256	1.113
	0.0100	1.74e+08	2.562	3.146	3.351	3.182	2.991	2.722	1.929	1.252	1.108
	0.0100	1.78e+08	2.583	3.170	3.369	3.199	3.008	2.737	1.934	1.253	1.107
	0.0100	1.82e+08	2.604	3.194	3.388	3.216	3.024	2.751	1.938	1.252	1.105
	0.0100	1.86e+08	2.626	3.226	3.414	3.240	3.045	2.767	1.939	1.246	1.098
	0.0100	1.91e+08	2.646	3.253	3.436	3.260	3.063	2.781	1.939	1.240	1.091
	0.0100	1.95e+08	2.667	3.281	3.457	3.280	3.082	2.796	1.940	1.235	1.084
	0.0100	2.00e+08	2.687	3.306	3.477	3.298	3.099	2.810	1.941	1.231	1.079
	0.0100	2.04e+08	2.718	3.331	3.495	3.315	3.116	2.828	1.976	1.274	1.124
	0.0100	2.09e+08	2.734	3.356	3.514	3.330	3.130	2.837	1.970	1.261	1.109
	0.0100	2.14e+08	2.751	3.382	3.532	3.347	3.144	2.847	1.966	1.251	1.098
	0.0100	2.19e+08	2.766	3.408	3.552	3.363	3.158	2.857	1.959	1.238	1.083
	0.0100	2.24e+08	2.783	3.435	3.571	3.380	3.173	2.867	1.955	1.228	1.071
	0.0100	2.29e+08	2.798	3.461	3.590	3.397	3.188	2.876	1.949	1.215	1.058
	0.0100	2.34e+08	2.814	3.487	3.610	3.414	3.203	2.887	1.944	1.205	1.046
	0.0100	2.40e+08	2.829	3.512	3.629	3.429	3.215	2.893	1.950	1.207	1.044
	0.0100	2.45e+08	2.843	3.537	3.647	3.445	3.227	2.900	1.950	1.202	1.036
	0.0100	2.51e+08	2.858	3.564	3.667	3.463	3.242	2.909	1.950	1.197	1.028
	0.0100	2.57e+08	2.873	3.591	3.688	3.481	3.259	2.921	1.946	1.186	1.015
	0.0100	2.63e+08	2.887	3.618	3.707	3.497	3.270	2.925	1.952	1.188	1.013
	0.0100	2.69e+08	2.901	3.644	3.727	3.515	3.286	2.936	1.947	1.178	1.001
	0.0100	2.75e+08	2.917	3.672	3.749	3.533	3.299	2.943	1.957	1.183	1.002
	0.0100	2.82e+08	2.931	3.698	3.768	3.548	3.311	2.949	1.966	1.190	1.003
	0.0100	2.88e+08	2.968	3.724	3.788	3.566	3.329	2.974	2.015	1.246	1.059
	0.0100	2.95e+08	2.985	3.751	3.808	3.583	3.345	2.989	2.019	1.246	1.056
	0.0100	3.02e+08	3.003	3.777	3.826	3.593	3.346	2.985	2.054	1.283	1.084
	0.0100	3.09e+08	3.021	3.804	3.846	3.610	3.362	2.999	2.059	1.283	1.081
	0.0100	3.16e+08	3.038	3.830	3.865	3.622	3.367	2.999	2.085	1.310	1.100
	0.0100	3.24e+08	3.055	3.857	3.886	3.640	3.383	3.013	2.092	1.312	1.099
	0.0100	3.31e+08	3.072	3.885	3.907	3.658	3.399	3.025	2.098	1.313	1.098
	0.0100	3.39e+08	3.090	3.913	3.928	3.676	3.415	3.038	2.104	1.316	1.098
	0.0100	3.47e+08	3.108	3.940	3.949	3.692	3.427	3.046	2.124	1.333	1.109
	0.0100	3.55e+08	3.125	3.967	3.969	3.710	3.443	3.059	2.130	1.336	1.109
	0.0100	3.63e+08	3.141	3.994	3.991	3.728	3.459	3.072	2.137	1.338	1.109
	0.0100	3.72e+08	3.158	4.021	4.012	3.746	3.475	3.084	2.143	1.341	1.109
	0.0100	3.80e+08	3.174	4.049	4.033	3.762	3.488	3.093	2.155	1.351	1.115
	0.0100	3.89e+08	3.191	4.075	4.054	3.780	3.503	3.105	2.162	1.355	1.116
	0.0100	3.98e+08	3.207	4.102	4.074	3.796	3.517	3.116	2.169	1.358	1.117
	0.0100	4.07e+08	3.222	4.130	4.096	3.813	3.532	3.127	2.174	1.361	1.118
	0.0100	4.17e+08	3.238	4.157	4.117	3.831	3.546	3.138	2.181	1.365	1.120
	0.0100	4.27e+08	3.253	4.185	4.139	3.848	3.561	3.149	2.186	1.369	1.121
	0.0100	4.37e+08	3.277	4.212	4.161	3.866	3.577	3.166	2.206	1.390	1.142
	0.0100	4.47e+08	3.293	4.239	4.183	3.882	3.591	3.176	2.212	1.395	1.146
	0.0100	4.57e+08	3.309	4.267	4.205	3.899	3.605	3.188	2.219	1.401	1.153
	0.0100	4.68e+08	3.325	4.295	4.227	3.916	3.619	3.199	2.225	1.406	1.157
	0.0100	4.79e+08	3.341	4.323	4.250	3.934	3.633	3.210	2.233	1.412	1.163
	0.0100	4.90e+08	3.357	4.351	4.273	3.951	3.648	3.222	2.240	1.418	1.169
	0.0100	5.01e+08	3.374	4.379	4.296	3.965	3.655	3.224	2.262	1.442	1.187
	0.0100	5.13e+08	3.390	4.408	4.320	3.983	3.670	3.236	2.271	1.449	1.195
	0.0100	5.25e+08	3.407	4.437	4.345	4.002	3.685	3.248	2.278	1.455	1.200
	0.0100	5.37e+08	3.422	4.465	4.369	4.020	3.699	3.260	2.285	1.461	1.206
	0.0100	5.50e+08	3.439	4.493	4.392	4.037	3.713	3.270	2.299	1.475	1.218
	0.0100	5.62e+08	3.456	4.521	4.416	4.055	3.728	3.283	2.308	1.483	1.227
	0.0100	5.76e+08	3.471	4.550	4.441	4.073	3.742	3.294	2.315	1.489	1.232
	0.0100	5.89e+08	3.487	4.578	4.465	4.090	3.755	3.304	2.329	1.503	1.244
	0.0100	6.03e+08	3.502	4.605	4.489	4.108	3.769	3.315	2.337	1.510	1.251
	0.0100	6.17e+08	3.518	4.633	4.514	4.125	3.782	3.325	2.345	1.517	1.258
	0.0100	6.31e+08	3.532	4.661	4.538	4.143	3.796	3.336	2.352	1.524	1.265
	0.0100	6.46e+08	3.547	4.689	4.563	4.160	3.810	3.347	2.361	1.532	1.272
	0.0100	6.61e+08	3.560	4.717	4.589	4.178	3.823	3.357	2.366	1.537	1.277
	0.0100	6.76e+08	3.576	4.745	4.615	4.196	3.836	3.367	2.375	1.545	1.285
	0.0100	6.92e+08	3.590	4.774	4.641	4.214	3.850	3.378	2.382	1.551	1.291
	0.0100	7.08e+08	3.604	4.802	4.666	4.231	3.863	3.388	2.390	1.559	1.299
	0.0100	7.25e+08	3.602	4.830	4.692	4.246	3.871	3.388	2.369	1.533	1.275
	0.0100	7.41e+08	3.623	4.859	4.720	4.267	3.888	3.403	2.387	1.552	1.294
	0.0100	7.59e+08	3.645	4.888	4.747	4.288	3.906	3.420	2.408	1.574	1.317
	0.0100	7.76e+08	3.666	4.916	4.774	4.307	3.921	3.434	2.426	1.594	1.338
	0.0100	7.94e+08	3.688	4.943	4.801	4.326	3.937	3.449	2.445	1.615	1.361
	0.0100	8.13e+08	3.709	4.972	4.829	4.346	3.954	3.464	2.465	1.636	1.382
	0.0100	8.32e+08	3.730	5.000	4.856	4.366	3.970	3.480	2.484	1.657	1.405
	0.0100	8.51e+08	3.751	5.028	4.884	4.386	3.986	3.494	2.502	1.676	1.425
	0.0100	8.71e+08	3.773	5.056	4.912	4.406	4.002	3.509	2.522	1.699	1.448
	0.0100	8.91e+08	3.794	5.085	4.940	4.425	4.018	3.524	2.542	1.720	1.470
	0.0100	9.12e+08	3.817	5.113	4.968	4.445	4.034	3.540	2.562	1.743	1.495
	0.0100	9.33e+08	3.838	5.142	4.997	4.468	4.057	3.561	2.570	1.751	1.507
	0.0100	9.55e+08	3.860	5.170	5.024	4.487	4.072	3.576	2.590	1.773	1.531
	0.0100	9.77e+08	3.882	5.198	5.050	4.506	4.087	3.590	2.611	1.798	1.557
	0.0100	1.00e+09	3.901	5.225	5.077	4.523	4.100	3.602	2.627	1.817	1.577
	0.0100	1.02e+09	3.906	5.254	5.104	4.543	4.116	3.611	2.608	1.795	1.562
	0.0100	1.05e+09	3.923	5.283	5.132	4.563	4.131	3.624	2.621	1.808	1.576
	0.0100	1.07e+09	3.941	5.311	5.160	4.583	4.147	3.638	2.635	1.823	1.592
	0.0100	1.10e+09	3.962	5.340	5.189	4.607	4.168	3.657	2.653	1.841	1.611
	0.0100	1.12e+09	3.974	5.366	5.212	4.619	4.175	3.661	2.661	1.851	1.624
	0.0100	1.15e+09	3.985	5.392	5.234	4.630	4.180	3.664	2.666	1.859	1.634
	0.0100	1.18e+09	3.992	5.416	5.254	4.638	4.182	3.664	2.669	1.863	1.641
	0.0100	1.20e+09	3.998	5.440	5.272	4.642	4.181	3.660	2.669	1.866	1.648
	0.0100	1.23e+09	4.001	5.463	5.289	4.645	4.177	3.653	2.666	1.867	1.652
	0.0100	1.26e+09	4.000	5.486	5.303	4.643	4.168	3.642	2.659	1.864	1.653
	0.0100	1.29e+09	3.997	5.509	5.316	4.640	4.156	3.627	2.650	1.857	1.650
	0.0100	1.32e+09	4.004	5.531	5.332	4.644	4.156	3.626	2.652	1.863	1.659
	0.0100	1.35e+09	4.009	5.553	5.347	4.647	4.154	3.623	2.654	1.868	1.667
	0.0100	1.38e+09	4.012	5.573	5.359	4.646	4.149	3.616	2.653	1.871	1.674
	0.0100	1.41e+09	4.004	5.591	5.362	4.632	4.128	3.595	2.640	1.863	1.670
	0.0100	1.45e+09	2.485	3.735	3.783	3.322	2.905	2.396	1.384	0.569	0.358
	0.0100	1.48e+09	1.817	3.178	2.843	2.112	1.664	1.259	0.637	0.151	0.065
	0.0100	1.51e+09	3.901	5.173	5.203	4.629	4.164	3.643	2.675	1.902	1.728
	0.0100	1.55e+09	2.514	3.600	3.344	2.778	2.386	2.002	1.350	0.810	0.701
	0.0100	1.59e+09	3.092	4.096	3.894	3.390	3.019	2.633	1.935	1.340	1.206
	0.0100	1.62e+09	4.378	5.896	5.720	5.024	4.534	4.003	2.986	2.202	2.021
	0.0100	1.66e+09	4.401	5.926	5.748	5.047	4.554	4.021	3.006	2.223	2.044
	0.0100	1.70e+09	4.426	5.958	5.779	5.074	4.578	4.042	3.030	2.248	2.070
	0.0100	1.74e+09	4.453	5.991	5.811	5.102	4.604	4.066	3.056	2.274	2.098
	0.0100	1.78e+09	4.482	6.024	5.844	5.131	4.631	4.090	3.085	2.304	2.130
	0.0100	1.82e+09	4.558	6.058	5.881	5.170	4.675	4.148	3.176	2.410	2.240
	0.0100	1.86e+09	4.577	6.088	5.909	5.195	4.702	4.178	3.166	2.400	2.238
	0.0100	1.91e+09	4.600	6.119	5.938	5.218	4.723	4.197	3.190	2.425	2.264
	0.0100	1.95e+09	4.633	6.151	5.971	5.251	4.755	4.228	3.223	2.458	2.297
	0.0100	2.00e+09	4.661	6.179	5.999	5.275	4.778	4.253	3.253	2.490	2.331
	0.0100	2.04e+09	4.681	6.208	6.024	5.294	4.795	4.268	3.273	2.511	2.352
	0.0100	2.09e+09	4.699	6.237	6.049	5.313	4.811	4.282	3.289	2.528	2.370
	0.0100	2.14e+09	4.721	6.265	6.075	5.334	4.829	4.300	3.312	2.552	2.395
	0.0100	2.19e+09	4.742	6.295	6.101	5.355	4.848	4.317	3.332	2.573	2.416
	0.0100	2.24e+09	4.772	6.324	6.128	5.377	4.870	4.340	3.365	2.609	2.453
	0.0100	2.29e+09	4.786	6.352	6.153	5.399	4.891	4.361	3.361	2.606	2.454
	0.0100	2.34e+09	4.800	6.379	6.176	5.417	4.906	4.374	3.373	2.616	2.465
	0.0100	2.40e+09	4.816	6.408	6.200	5.435	4.922	4.388	3.387	2.630	2.479
	0.0100	2.46e+09	4.833	6.437	6.226	5.455	4.939	4.403	3.401	2.644	2.494
	0.0100	2.51e+09	4.846	6.466	6.250	5.473	4.954	4.415	3.412	2.654	2.504
	0.0100	2.57e+09	4.859	6.494	6.272	5.489	4.968	4.426	3.423	2.664	2.515
	0.0100	2.63e+09	4.866	6.522	6.293	5.502	4.976	4.431	3.427	2.667	2.519
	0.0100	2.69e+09	4.891	6.553	6.320	5.527	5.001	4.456	3.440	2.680	2.537
	0.0100	2.75e+09	4.914	6.582	6.346	5.548	5.021	4.475	3.463	2.704	2.562
	0.0100	2.82e+09	4.932	6.614	6.373	5.571	5.042	4.493	3.479	2.719	2.577
	0.0100	2.88e+09	4.955	6.644	6.400	5.595	5.063	4.514	3.502	2.743	2.602
	0.0100	2.95e+09	4.975	6.669	6.423	5.616	5.084	4.533	3.521	2.762	2.621
	0.0100	3.02e+09	4.999	6.694	6.446	5.637	5.104	4.554	3.546	2.788	2.648
	0.0100	3.09e+09	5.021	6.719	6.470	5.659	5.126	4.575	3.568	2.810	2.670
	0.0100	3.16e+09	5.052	6.750	6.501	5.689	5.155	4.604	3.599	2.842	2.702
	0.0100	3.24e+09	5.107	6.784	6.538	5.728	5.196	4.648	3.661	2.911	2.774
	0.0100	3.31e+09	5.159	6.812	6.573	5.769	5.242	4.699	3.718	2.972	2.835
	0.0100	3.39e+09	5.175	6.836	6.593	5.787	5.258	4.715	3.733	2.987	2.850
	0.0100	3.47e+09	5.192	6.859	6.614	5.804	5.275	4.731	3.750	3.004	2.868
	0.0100	3.55e+09	5.211	6.883	6.635	5.822	5.291	4.747	3.768	3.023	2.887
	0.0100	3.63e+09	5.229	6.907	6.655	5.840	5.307	4.763	3.786	3.042	2.906
	0.0100	3.72e+09	5.245	6.930	6.676	5.856	5.322	4.777	3.801	3.056	2.921
	0.0100	3.80e+09	5.266	6.954	6.697	5.875	5.340	4.795	3.822	3.079	2.944
	0.0100	3.89e+09	5.285	6.978	6.718	5.893	5.357	4.812	3.841	3.099	2.964
	0.0100	3.98e+09	5.304	7.002	6.739	5.912	5.375	4.829	3.859	3.118	2.983
	0.0100	4.07e+09	5.318	7.026	6.760	5.929	5.390	4.844	3.872	3.130	2.996
	0.0100	4.17e+09	5.338	7.037	6.766	5.935	5.397	4.853	3.898	3.162	3.030
	0.0100	4.27e+09	5.357	7.064	6.789	5.954	5.415	4.870	3.916	3.181	3.049
	0.0100	4.37e+09	5.375	7.093	6.814	5.974	5.433	4.887	3.932	3.196	3.064
	0.0100	4.47e+09	5.390	7.119	6.837	5.993	5.449	4.901	3.945	3.209	3.077
	0.0100	4.57e+09	5.407	7.145	6.860	6.012	5.468	4.919	3.961	3.224	3.092
	0.0100	4.68e+09	5.425	7.172	6.882	6.031	5.485	4.935	3.977	3.241	3.109
	0.0100	4.79e+09	5.441	7.198	6.905	6.050	5.501	4.950	3.992	3.256	3.124
	0.0100	4.90e+09	5.456	7.216	6.925	6.068	5.519	4.967	4.008	3.271	3.140
	0.0100	5.01e+09	5.475	7.243	6.948	6.088	5.537	4.984	4.026	3.290	3.158
	0.0100	5.13e+09	5.493	7.269	6.971	6.108	5.556	5.002	4.042	3.305	3.174
	0.0100	5.25e+09	5.522	7.300	7.002	6.138	5.585	5.030	4.072	3.335	3.203
	0.0100	5.37e+09	5.561	7.337	7.032	6.165	5.612	5.059	4.113	3.380	3.251
	0.0100	5.50e+09	5.576	7.362	7.053	6.184	5.629	5.074	4.126	3.392	3.262
	0.0100	5.62e+09	5.589	7.378	7.068	6.198	5.643	5.087	4.138	3.405	3.275
	0.0100	5.76e+09	5.611	7.403	7.089	6.217	5.661	5.106	4.162	3.430	3.301
	0.0100	5.89e+09	5.631	7.428	7.111	6.237	5.680	5.124	4.181	3.450	3.321
	0.0100	6.03e+09	5.649	7.454	7.133	6.257	5.699	5.142	4.198	3.467	3.338
	0.0100	6.17e+09	5.668	7.479	7.155	6.276	5.717	5.160	4.217	3.486	3.357
	0.0100	6.31e+09	5.690	7.505	7.177	6.296	5.736	5.180	4.239	3.510	3.382
	0.0100	6.46e+09	5.708	7.530	7.199	6.315	5.754	5.196	4.255	3.526	3.398
	0.0100	6.61e+09	5.725	7.556	7.220	6.333	5.772	5.213	4.271	3.541	3.413
	0.0100	6.76e+09	5.745	7.581	7.243	6.354	5.791	5.233	4.291	3.561	3.433
	0.0100	6.92e+09	5.772	7.612	7.272	6.382	5.819	5.260	4.317	3.587	3.459
	0.0100	7.08e+09	5.805	7.639	7.297	6.404	5.840	5.282	4.355	3.631	3.505
	0.0100	7.25e+09	5.817	7.663	7.317	6.421	5.855	5.296	4.365	3.640	3.514
	0.0100	7.41e+09	5.833	7.688	7.338	6.440	5.873	5.312	4.379	3.652	3.525
	0.0100	7.59e+09	5.854	7.712	7.360	6.460	5.892	5.331	4.401	3.675	3.549
	0.0100	7.76e+09	5.874	7.737	7.381	6.480	5.912	5.350	4.420	3.695	3.569
	0.0100	7.94e+09	5.889	7.761	7.402	6.499	5.930	5.367	4.433	3.707	3.580
	0.0100	8.13e+09	5.909	7.785	7.424	6.519	5.949	5.386	4.452	3.726	3.600
	0.0100	8.32e+09	5.927	7.809	7.445	6.538	5.968	5.404	4.470	3.744	3.617
	0.0100	8.51e+09	5.953	7.834	7.467	6.558	5.988	5.426	4.498	3.775	3.649
	0.0100	8.71e+09	5.973	7.859	7.489	6.579	6.008	5.445	4.516	3.793	3.667
	0.0100	8.91e+09	5.993	7.883	7.510	6.599	6.027	5.464	4.537	3.815	3.689
	0.0100	9.12e+09	6.012	7.906	7.531	6.618	6.045	5.483	4.556	3.833	3.708
	0.0100	9.33e+09	6.026	7.923	7.546	6.633	6.060	5.497	4.568	3.845	3.719
	0.0100	9.55e+09	6.048	7.948	7.568	6.653	6.079	5.517	4.590	3.869	3.744
	0.0100	9.77e+09	6.062	7.972	7.588	6.670	6.095	5.531	4.603	3.880	3.755
	0.0100	1.00e+10	6.084	7.999	7.611	6.691	6.115	5.551	4.626	3.905	3.780
	0.0100	1.02e+10	6.095	8.022	7.630	6.708	6.131	5.564	4.634	3.911	3.786
	0.0100	1.05e+10	6.122	8.046	7.651	6.728	6.151	5.586	4.664	3.944	3.820
	0.0100	1.07e+10	6.137	8.071	7.672	6.747	6.169	5.603	4.676	3.955	3.830
	0.0100	1.10e+10	6.153	8.095	7.693	6.766	6.187	5.619	4.690	3.969	3.843
	0.0100	1.12e+10	6.179	8.129	7.721	6.790	6.211	5.643	4.716	3.996	3.870
	0.0100	1.15e+10	6.196	8.156	7.743	6.809	6.228	5.660	4.732	4.011	3.886
	0.0100	1.18e+10	6.210	8.180	7.760	6.824	6.241	5.672	4.746	4.026	3.901
	0.0100	1.20e+10	6.182	8.195	7.758	6.809	6.220	5.645	4.712	3.987	3.862
	0.0100	1.23e+10	6.199	8.224	7.781	6.829	6.238	5.662	4.727	4.001	3.876
	0.0100	1.26e+10	6.206	8.249	7.797	6.840	6.247	5.668	4.732	4.005	3.879
	0.0100	1.29e+10	6.222	8.277	7.820	6.860	6.265	5.684	4.746	4.018	3.893
	0.0100	1.32e+10	6.243	8.307	7.844	6.881	6.285	5.703	4.767	4.040	3.915
