# File generated by CMD 2.7 (http://stev.oapd.inaf.it/cmd) on Tue Jun 16 15:09:07 CEST 2015
# Basic reference: Marigo et al. (2008, A&A 482, 883) 
# but applying the corrections from Case A in Girardi et al. (2010, ApJ 724, 1030) 
# + Bertelli et al. (1994, A&AS, 106, 275) for the Mi>7.0 Msun interval
# Photometric system: <i>UBVRIJHK</i> (cf. Maiz-Apellaniz 2006 + Bessell 1990)
# Using OBC version of bolometric corrections as detailed in Marigo et al. (2008, A&A 482, 883) and Girardi et al. (2008, PASP 120, 583)
# BCs of Carbon stars derive from Loidl et al. (2001, A&A 342, 531)
# O-rich circumstellar dust ignored
# C-rich circumstellar dust ignored
# IMF: Kroupa (2001, 2002) + Kroupa et al. (2013) canonical two-part-power law IMF corrected for unresolved binaries 
# Kind of output: SSP integrated magnitudes
#	Z	Age		mbol    U       B       V       R       I       J       H       K
	0.0045	3.98e+06	-2.516	-0.790	0.122	0.296	0.348	0.414	0.564	0.561	0.594
	0.0045	4.07e+06	-2.459	-0.755	0.175	0.357	0.415	0.488	0.653	0.657	0.693
	0.0045	4.17e+06	-2.402	-0.723	0.223	0.412	0.475	0.555	0.732	0.742	0.781
	0.0045	4.27e+06	-2.361	-0.695	0.265	0.460	0.527	0.612	0.801	0.816	0.858
	0.0045	4.37e+06	-2.327	-0.670	0.301	0.501	0.572	0.663	0.860	0.880	0.925
	0.0045	4.47e+06	-2.291	-0.647	0.331	0.536	0.611	0.705	0.911	0.936	0.982
	0.0045	4.57e+06	-2.253	-0.631	0.353	0.562	0.640	0.738	0.951	0.981	1.029
	0.0045	4.68e+06	-2.213	-0.624	0.364	0.576	0.656	0.757	0.978	1.012	1.063
	0.0045	4.79e+06	-2.173	-0.622	0.365	0.578	0.659	0.763	0.990	1.028	1.081
	0.0045	4.90e+06	-2.132	-0.625	0.355	0.566	0.647	0.751	0.982	1.024	1.077
	0.0045	5.01e+06	-2.088	-0.624	0.343	0.544	0.616	0.709	0.913	0.930	0.975
	0.0045	5.13e+06	-2.046	-0.648	0.292	0.487	0.558	0.652	0.867	0.900	0.949
	0.0045	5.25e+06	-1.993	-0.640	0.233	0.408	0.468	0.546	0.732	0.761	0.804
	0.0045	5.37e+06	-1.946	-0.604	0.246	0.407	0.455	0.518	0.668	0.677	0.711
	0.0045	5.50e+06	-1.907	-0.612	0.219	0.372	0.418	0.476	0.619	0.626	0.658
	0.0045	5.62e+06	-1.885	-0.642	0.159	0.305	0.346	0.400	0.535	0.540	0.570
	0.0045	5.75e+06	-1.851	-0.650	0.125	0.261	0.296	0.343	0.466	0.464	0.491
	0.0045	5.89e+06	-1.816	-0.655	0.089	0.214	0.241	0.278	0.385	0.375	0.399
	0.0045	6.03e+06	-1.780	-0.655	0.048	0.161	0.180	0.207	0.293	0.273	0.293
	0.0045	6.17e+06	-1.742	-0.647	0.012	0.108	0.118	0.131	0.190	0.158	0.173
	0.0045	6.31e+06	-1.703	-0.627	-0.017	0.059	0.056	0.052	0.078	0.030	0.038
	0.0045	6.46e+06	-1.661	-0.571	0.003	0.054	0.033	0.006	-0.015	-0.088	-0.090
	0.0045	6.61e+06	-1.617	-0.483	0.094	0.115	0.067	0.008	-0.073	-0.190	-0.202
	0.0045	6.76e+06	-1.573	-0.411	0.203	0.221	0.161	0.085	-0.040	-0.219	-0.239
	0.0045	6.92e+06	-1.536	-0.381	0.244	0.280	0.232	0.168	0.049	-0.143	-0.162
	0.0045	7.08e+06	-1.505	-0.357	0.267	0.302	0.253	0.187	0.063	-0.138	-0.159
	0.0045	7.24e+06	-1.474	-0.332	0.291	0.326	0.275	0.206	0.074	-0.137	-0.159
	0.0045	7.41e+06	-1.441	-0.306	0.317	0.349	0.296	0.224	0.081	-0.139	-0.163
	0.0045	7.59e+06	-1.409	-0.278	0.344	0.374	0.316	0.240	0.086	-0.146	-0.172
	0.0045	7.76e+06	-1.379	-0.249	0.373	0.399	0.337	0.254	0.088	-0.157	-0.184
	0.0045	7.94e+06	-1.348	-0.219	0.405	0.424	0.357	0.267	0.086	-0.172	-0.202
	0.0045	8.13e+06	-1.316	-0.186	0.439	0.451	0.376	0.279	0.081	-0.192	-0.224
	0.0045	8.32e+06	-1.284	-0.151	0.476	0.480	0.397	0.290	0.072	-0.217	-0.252
	0.0045	8.51e+06	-1.250	-0.114	0.518	0.512	0.418	0.300	0.059	-0.247	-0.286
	0.0045	8.71e+06	-1.217	-0.074	0.565	0.546	0.441	0.309	0.043	-0.284	-0.326
	0.0045	8.91e+06	-1.182	-0.032	0.615	0.584	0.466	0.319	0.024	-0.327	-0.373
	0.0045	9.12e+06	-1.146	0.012	0.668	0.626	0.494	0.331	0.003	-0.377	-0.426
	0.0045	9.33e+06	-1.108	0.057	0.721	0.671	0.526	0.346	-0.018	-0.431	-0.484
	0.0045	9.55e+06	-1.070	0.103	0.774	0.720	0.565	0.369	-0.037	-0.490	-0.549
	0.0045	9.77e+06	-1.031	0.147	0.827	0.776	0.615	0.408	-0.038	-0.532	-0.599
	0.0045	1.00e+07	-0.988	0.200	0.884	0.837	0.678	0.471	0.022	-0.479	-0.547
	0.0045	1.02e+07	-0.943	0.276	0.974	0.914	0.741	0.518	0.042	-0.477	-0.548
	0.0045	1.05e+07	-0.903	0.303	1.011	0.975	0.823	0.622	0.178	-0.326	-0.396
	0.0045	1.07e+07	-0.873	0.323	1.026	0.992	0.844	0.647	0.208	-0.293	-0.363
	0.0045	1.10e+07	-0.843	0.342	1.041	1.011	0.867	0.675	0.242	-0.257	-0.326
	0.0045	1.12e+07	-0.813	0.360	1.054	1.030	0.893	0.705	0.279	-0.219	-0.288
	0.0045	1.15e+07	-0.784	0.377	1.068	1.052	0.920	0.739	0.319	-0.178	-0.248
	0.0045	1.17e+07	-0.755	0.395	1.084	1.076	0.950	0.774	0.360	-0.137	-0.207
	0.0045	1.20e+07	-0.724	0.414	1.105	1.103	0.983	0.813	0.404	-0.094	-0.164
	0.0045	1.23e+07	-0.693	0.434	1.131	1.135	1.020	0.854	0.450	-0.049	-0.119
	0.0045	1.26e+07	-0.662	0.456	1.160	1.170	1.059	0.897	0.497	-0.003	-0.072
	0.0045	1.29e+07	-0.631	0.480	1.193	1.209	1.100	0.943	0.547	0.046	-0.024
	0.0045	1.32e+07	-0.599	0.506	1.228	1.250	1.145	0.991	0.599	0.096	0.026
	0.0045	1.35e+07	-0.566	0.535	1.267	1.293	1.192	1.041	0.653	0.149	0.079
	0.0045	1.38e+07	-0.532	0.566	1.308	1.339	1.241	1.093	0.708	0.204	0.134
	0.0045	1.41e+07	-0.499	0.599	1.351	1.386	1.291	1.147	0.767	0.262	0.192
	0.0045	1.45e+07	-0.464	0.631	1.395	1.445	1.364	1.237	0.884	0.393	0.326
	0.0045	1.48e+07	-0.426	0.674	1.440	1.494	1.417	1.296	0.956	0.475	0.410
	0.0045	1.51e+07	-0.386	0.712	1.476	1.530	1.455	1.336	1.000	0.522	0.457
	0.0045	1.55e+07	-0.355	0.736	1.492	1.543	1.465	1.343	1.003	0.524	0.459
	0.0045	1.58e+07	-0.326	0.757	1.504	1.547	1.464	1.335	0.984	0.499	0.433
	0.0045	1.62e+07	-0.298	0.778	1.515	1.552	1.464	1.328	0.967	0.476	0.409
	0.0045	1.66e+07	-0.269	0.800	1.528	1.558	1.464	1.322	0.950	0.454	0.386
	0.0045	1.70e+07	-0.240	0.823	1.543	1.566	1.466	1.317	0.934	0.433	0.364
	0.0045	1.74e+07	-0.210	0.847	1.559	1.575	1.469	1.313	0.919	0.413	0.343
	0.0045	1.78e+07	-0.180	0.872	1.576	1.585	1.472	1.310	0.905	0.394	0.323
	0.0045	1.82e+07	-0.150	0.897	1.594	1.595	1.477	1.308	0.893	0.375	0.304
	0.0045	1.86e+07	-0.120	0.922	1.612	1.607	1.483	1.307	0.881	0.357	0.285
	0.0045	1.91e+07	-0.089	0.949	1.632	1.620	1.490	1.307	0.870	0.341	0.268
	0.0045	1.95e+07	-0.058	0.976	1.651	1.634	1.498	1.309	0.861	0.325	0.251
	0.0045	2.00e+07	-0.027	1.003	1.671	1.648	1.508	1.312	0.853	0.310	0.235
	0.0045	2.04e+07	0.006	1.029	1.693	1.673	1.536	1.344	0.890	0.349	0.275
	0.0045	2.09e+07	0.040	1.059	1.717	1.699	1.565	1.378	0.936	0.404	0.330
	0.0045	2.14e+07	0.076	1.097	1.752	1.729	1.592	1.401	0.953	0.419	0.345
	0.0045	2.19e+07	0.104	1.118	1.763	1.736	1.596	1.403	0.953	0.419	0.345
	0.0045	2.24e+07	0.131	1.139	1.775	1.743	1.600	1.404	0.951	0.416	0.342
	0.0045	2.29e+07	0.159	1.161	1.788	1.750	1.604	1.405	0.948	0.413	0.339
	0.0045	2.34e+07	0.186	1.183	1.801	1.758	1.609	1.407	0.947	0.411	0.337
	0.0045	2.40e+07	0.214	1.206	1.815	1.767	1.614	1.409	0.945	0.409	0.335
	0.0045	2.45e+07	0.242	1.229	1.829	1.776	1.620	1.411	0.944	0.407	0.333
	0.0045	2.51e+07	0.269	1.254	1.844	1.785	1.626	1.414	0.943	0.406	0.332
	0.0045	2.57e+07	0.297	1.279	1.859	1.795	1.633	1.418	0.943	0.405	0.331
	0.0045	2.63e+07	0.326	1.305	1.876	1.806	1.640	1.422	0.943	0.405	0.331
	0.0045	2.69e+07	0.354	1.331	1.893	1.818	1.648	1.426	0.943	0.404	0.330
	0.0045	2.75e+07	0.381	1.358	1.911	1.830	1.657	1.431	0.943	0.404	0.330
	0.0045	2.82e+07	0.409	1.385	1.930	1.843	1.666	1.436	0.944	0.403	0.329
	0.0045	2.88e+07	0.438	1.413	1.950	1.857	1.676	1.442	0.946	0.404	0.329
	0.0045	2.95e+07	0.466	1.441	1.971	1.871	1.686	1.448	0.947	0.404	0.330
	0.0045	3.02e+07	0.495	1.469	1.994	1.887	1.697	1.455	0.949	0.405	0.330
	0.0045	3.09e+07	0.524	1.499	2.017	1.904	1.709	1.463	0.951	0.405	0.330
	0.0045	3.16e+07	0.553	1.530	2.041	1.921	1.722	1.472	0.955	0.406	0.331
	0.0045	3.24e+07	0.583	1.561	2.067	1.940	1.736	1.481	0.958	0.407	0.332
	0.0045	3.31e+07	0.614	1.593	2.095	1.962	1.755	1.496	0.969	0.417	0.342
	0.0045	3.39e+07	0.647	1.622	2.124	1.992	1.785	1.527	1.003	0.454	0.380
	0.0045	3.47e+07	0.679	1.654	2.160	2.024	1.816	1.558	1.033	0.484	0.410
	0.0045	3.55e+07	0.709	1.673	2.177	2.047	1.843	1.589	1.072	0.527	0.454
	0.0045	3.63e+07	0.736	1.687	2.185	2.058	1.858	1.608	1.098	0.557	0.484
	0.0045	3.72e+07	0.763	1.701	2.194	2.070	1.874	1.628	1.123	0.587	0.515
	0.0045	3.80e+07	0.790	1.715	2.204	2.083	1.890	1.647	1.149	0.617	0.546
	0.0045	3.89e+07	0.817	1.729	2.213	2.096	1.906	1.667	1.176	0.648	0.577
	0.0045	3.98e+07	0.844	1.744	2.223	2.109	1.922	1.688	1.202	0.678	0.608
	0.0045	4.07e+07	0.870	1.758	2.234	2.122	1.939	1.708	1.229	0.709	0.639
	0.0045	4.17e+07	0.897	1.772	2.245	2.137	1.957	1.729	1.256	0.739	0.671
	0.0045	4.27e+07	0.925	1.787	2.256	2.151	1.974	1.750	1.283	0.771	0.702
	0.0045	4.37e+07	0.952	1.802	2.268	2.166	1.992	1.772	1.310	0.801	0.734
	0.0045	4.47e+07	0.979	1.817	2.280	2.181	2.011	1.794	1.338	0.833	0.766
	0.0045	4.57e+07	1.007	1.832	2.292	2.197	2.029	1.815	1.366	0.864	0.797
	0.0045	4.68e+07	1.034	1.848	2.306	2.213	2.048	1.838	1.393	0.895	0.829
	0.0045	4.79e+07	1.062	1.864	2.319	2.229	2.068	1.860	1.421	0.926	0.861
	0.0045	4.90e+07	1.089	1.880	2.333	2.246	2.087	1.883	1.450	0.958	0.893
	0.0045	5.01e+07	1.117	1.897	2.347	2.263	2.107	1.906	1.478	0.989	0.926
	0.0045	5.13e+07	1.145	1.914	2.362	2.281	2.128	1.930	1.507	1.021	0.958
	0.0045	5.25e+07	1.174	1.931	2.378	2.301	2.151	1.956	1.540	1.059	0.997
	0.0045	5.37e+07	1.205	1.947	2.395	2.325	2.182	1.996	1.594	1.121	1.060
	0.0045	5.50e+07	1.236	1.968	2.419	2.353	2.214	2.031	1.634	1.164	1.104
	0.0045	5.62e+07	1.268	1.996	2.446	2.380	2.241	2.060	1.665	1.197	1.137
	0.0045	5.75e+07	1.294	2.015	2.460	2.394	2.255	2.075	1.683	1.218	1.159
	0.0045	5.89e+07	1.321	2.034	2.474	2.407	2.269	2.088	1.698	1.236	1.177
	0.0045	6.03e+07	1.347	2.053	2.488	2.420	2.282	2.102	1.714	1.254	1.196
	0.0045	6.17e+07	1.373	2.072	2.502	2.433	2.295	2.116	1.730	1.272	1.214
	0.0045	6.31e+07	1.399	2.092	2.517	2.447	2.309	2.130	1.746	1.291	1.233
	0.0045	6.46e+07	1.426	2.112	2.531	2.460	2.322	2.144	1.761	1.308	1.251
	0.0045	6.61e+07	1.452	2.131	2.546	2.474	2.336	2.158	1.777	1.326	1.269
	0.0045	6.76e+07	1.479	2.152	2.561	2.487	2.350	2.172	1.792	1.344	1.287
	0.0045	6.92e+07	1.506	2.172	2.576	2.502	2.364	2.186	1.808	1.362	1.305
	0.0045	7.08e+07	1.534	2.193	2.592	2.516	2.378	2.201	1.824	1.380	1.323
	0.0045	7.24e+07	1.562	2.213	2.607	2.533	2.397	2.223	1.852	1.413	1.357
	0.0045	7.41e+07	1.590	2.233	2.624	2.550	2.415	2.242	1.875	1.439	1.384
	0.0045	7.59e+07	1.619	2.258	2.644	2.569	2.434	2.261	1.894	1.460	1.405
	0.0045	7.76e+07	1.647	2.279	2.662	2.586	2.451	2.279	1.916	1.485	1.431
	0.0045	7.94e+07	1.672	2.298	2.675	2.598	2.464	2.292	1.930	1.502	1.448
	0.0045	8.13e+07	1.698	2.317	2.689	2.611	2.477	2.305	1.944	1.518	1.464
	0.0045	8.32e+07	1.723	2.336	2.703	2.624	2.490	2.318	1.959	1.535	1.481
	0.0045	8.51e+07	1.749	2.355	2.717	2.637	2.503	2.332	1.974	1.551	1.498
	0.0045	8.71e+07	1.775	2.375	2.732	2.651	2.516	2.345	1.988	1.568	1.514
	0.0045	8.91e+07	1.800	2.395	2.746	2.664	2.529	2.358	2.002	1.584	1.531
	0.0045	9.12e+07	1.826	2.414	2.761	2.677	2.542	2.371	2.017	1.600	1.547
	0.0045	9.33e+07	1.852	2.435	2.776	2.691	2.556	2.385	2.031	1.615	1.562
	0.0045	9.55e+07	1.878	2.455	2.792	2.705	2.569	2.398	2.045	1.631	1.579
	0.0045	9.77e+07	1.904	2.476	2.807	2.719	2.583	2.412	2.060	1.647	1.594
	0.0045	1.00e+08	1.931	2.497	2.823	2.734	2.597	2.425	2.073	1.662	1.609
	0.0045	1.02e+08	1.957	2.518	2.839	2.748	2.611	2.439	2.088	1.677	1.625
	0.0045	1.05e+08	1.984	2.538	2.855	2.764	2.627	2.456	2.106	1.698	1.646
	0.0045	1.07e+08	2.010	2.559	2.871	2.779	2.642	2.471	2.122	1.716	1.663
	0.0045	1.10e+08	2.037	2.582	2.889	2.795	2.658	2.486	2.138	1.732	1.679
	0.0045	1.12e+08	2.065	2.605	2.908	2.812	2.674	2.501	2.152	1.746	1.694
	0.0045	1.15e+08	2.032	2.626	2.921	2.816	2.659	2.432	1.882	1.318	1.217
	0.0045	1.17e+08	2.053	2.647	2.937	2.829	2.670	2.439	1.874	1.302	1.198
	0.0045	1.20e+08	2.074	2.669	2.954	2.843	2.681	2.446	1.870	1.290	1.185
	0.0045	1.23e+08	2.094	2.690	2.970	2.856	2.692	2.453	1.863	1.276	1.168
	0.0045	1.26e+08	2.114	2.713	2.987	2.870	2.704	2.459	1.855	1.259	1.149
	0.0045	1.29e+08	2.135	2.735	3.005	2.886	2.718	2.469	1.853	1.250	1.137
	0.0045	1.32e+08	2.156	2.757	3.022	2.901	2.732	2.479	1.851	1.241	1.127
	0.0045	1.35e+08	2.176	2.779	3.040	2.917	2.746	2.488	1.845	1.227	1.110
	0.0045	1.38e+08	2.197	2.803	3.060	2.934	2.760	2.498	1.842	1.217	1.098
	0.0045	1.41e+08	2.218	2.827	3.080	2.952	2.776	2.509	1.839	1.206	1.085
	0.0045	1.45e+08	2.243	2.847	3.096	2.966	2.790	2.524	1.855	1.223	1.102
	0.0045	1.48e+08	2.260	2.868	3.112	2.979	2.801	2.528	1.844	1.205	1.082
	0.0045	1.51e+08	2.278	2.890	3.129	2.993	2.812	2.535	1.837	1.190	1.065
	0.0045	1.55e+08	2.296	2.912	3.146	3.007	2.823	2.541	1.829	1.175	1.048
	0.0045	1.59e+08	2.314	2.934	3.164	3.021	2.835	2.547	1.820	1.159	1.030
	0.0045	1.62e+08	2.332	2.957	3.181	3.036	2.847	2.554	1.813	1.145	1.014
	0.0045	1.66e+08	2.349	2.978	3.199	3.051	2.860	2.562	1.807	1.132	0.999
	0.0045	1.70e+08	2.366	3.000	3.217	3.067	2.873	2.570	1.801	1.119	0.985
	0.0045	1.74e+08	2.383	3.023	3.237	3.083	2.887	2.578	1.794	1.106	0.969
	0.0045	1.78e+08	2.400	3.048	3.260	3.101	2.900	2.583	1.785	1.090	0.951
	0.0045	1.82e+08	2.418	3.073	3.282	3.119	2.914	2.592	1.779	1.078	0.937
	0.0045	1.86e+08	2.447	3.095	3.301	3.136	2.931	2.612	1.810	1.114	0.975
	0.0045	1.91e+08	2.476	3.117	3.320	3.152	2.947	2.630	1.836	1.144	1.006
	0.0045	1.95e+08	2.504	3.139	3.338	3.167	2.963	2.649	1.863	1.176	1.039
	0.0045	2.00e+08	2.533	3.162	3.357	3.183	2.979	2.668	1.892	1.211	1.075
	0.0045	2.04e+08	2.562	3.185	3.376	3.200	2.995	2.688	1.921	1.245	1.110
	0.0045	2.09e+08	2.592	3.208	3.395	3.217	3.012	2.708	1.952	1.283	1.149
	0.0045	2.14e+08	2.622	3.231	3.414	3.233	3.029	2.728	1.984	1.322	1.190
	0.0045	2.19e+08	2.653	3.254	3.434	3.251	3.047	2.749	2.017	1.362	1.231
	0.0045	2.24e+08	2.684	3.278	3.453	3.269	3.066	2.773	2.054	1.405	1.276
	0.0045	2.29e+08	2.716	3.301	3.473	3.287	3.085	2.795	2.090	1.450	1.323
	0.0045	2.34e+08	2.751	3.334	3.504	3.314	3.109	2.820	2.126	1.493	1.368
	0.0045	2.40e+08	2.785	3.361	3.527	3.335	3.130	2.845	2.166	1.542	1.419
	0.0045	2.45e+08	2.819	3.389	3.552	3.357	3.152	2.870	2.206	1.591	1.471
	0.0045	2.51e+08	2.854	3.415	3.574	3.378	3.173	2.896	2.248	1.644	1.527
	0.0045	2.57e+08	2.875	3.439	3.594	3.397	3.192	2.914	2.250	1.638	1.518
	0.0045	2.63e+08	2.877	3.463	3.612	3.408	3.198	2.909	2.216	1.583	1.450
	0.0045	2.69e+08	2.879	3.486	3.629	3.417	3.198	2.900	2.197	1.550	1.403
	0.0045	2.75e+08	2.882	3.511	3.647	3.427	3.200	2.893	2.180	1.518	1.357
	0.0045	2.82e+08	2.885	3.536	3.665	3.438	3.202	2.886	2.165	1.489	1.314
	0.0045	2.88e+08	2.888	3.561	3.685	3.453	3.212	2.888	2.136	1.440	1.255
	0.0045	2.95e+08	2.892	3.587	3.704	3.463	3.214	2.881	2.131	1.423	1.224
	0.0045	3.02e+08	2.897	3.613	3.726	3.480	3.225	2.883	2.107	1.382	1.174
	0.0045	3.09e+08	2.901	3.641	3.747	3.497	3.237	2.887	2.086	1.343	1.126
	0.0045	3.16e+08	2.907	3.666	3.767	3.509	3.243	2.885	2.087	1.333	1.102
	0.0045	3.24e+08	2.912	3.693	3.788	3.527	3.256	2.890	2.070	1.301	1.062
	0.0045	3.31e+08	2.919	3.722	3.812	3.547	3.271	2.897	2.055	1.272	1.025
	0.0045	3.39e+08	2.925	3.751	3.835	3.566	3.286	2.904	2.041	1.244	0.989
	0.0045	3.47e+08	2.932	3.778	3.857	3.585	3.302	2.911	2.028	1.218	0.956
	0.0045	3.55e+08	2.939	3.805	3.878	3.600	3.311	2.915	2.029	1.210	0.938
	0.0045	3.63e+08	2.946	3.833	3.900	3.620	3.328	2.924	2.018	1.189	0.909
	0.0045	3.72e+08	2.954	3.862	3.923	3.641	3.345	2.934	2.010	1.170	0.884
	0.0045	3.80e+08	3.000	3.887	3.944	3.661	3.369	2.968	2.068	1.241	0.959
	0.0045	3.89e+08	3.023	3.912	3.963	3.677	3.383	2.981	2.087	1.263	0.983
	0.0045	3.98e+08	3.045	3.938	3.982	3.693	3.397	2.995	2.103	1.281	1.003
	0.0045	4.07e+08	3.069	3.964	4.002	3.710	3.413	3.010	2.121	1.302	1.026
	0.0045	4.17e+08	3.092	3.990	4.022	3.726	3.428	3.025	2.138	1.321	1.047
	0.0045	4.27e+08	3.115	4.016	4.043	3.743	3.443	3.040	2.155	1.341	1.069
	0.0045	4.37e+08	3.139	4.043	4.064	3.760	3.459	3.055	2.174	1.361	1.092
	0.0045	4.47e+08	3.163	4.070	4.085	3.777	3.475	3.070	2.192	1.382	1.114
	0.0045	4.57e+08	3.187	4.097	4.106	3.795	3.491	3.086	2.210	1.403	1.138
	0.0045	4.68e+08	3.211	4.125	4.128	3.813	3.507	3.102	2.229	1.424	1.161
	0.0045	4.79e+08	3.236	4.152	4.150	3.832	3.524	3.119	2.248	1.446	1.186
	0.0045	4.90e+08	3.260	4.179	4.171	3.850	3.541	3.135	2.268	1.468	1.210
	0.0045	5.01e+08	3.284	4.205	4.193	3.867	3.557	3.151	2.287	1.489	1.233
	0.0045	5.13e+08	3.309	4.232	4.214	3.885	3.573	3.168	2.307	1.513	1.259
	0.0045	5.25e+08	3.333	4.259	4.236	3.903	3.589	3.184	2.327	1.536	1.284
	0.0045	5.37e+08	3.357	4.286	4.258	3.920	3.605	3.199	2.345	1.557	1.308
	0.0045	5.50e+08	3.381	4.313	4.279	3.938	3.621	3.214	2.365	1.579	1.333
	0.0045	5.62e+08	3.405	4.340	4.301	3.954	3.636	3.230	2.384	1.602	1.358
	0.0045	5.76e+08	3.430	4.366	4.322	3.972	3.651	3.245	2.404	1.626	1.385
	0.0045	5.89e+08	3.453	4.392	4.344	3.988	3.666	3.260	2.423	1.648	1.410
	0.0045	6.03e+08	3.478	4.418	4.365	4.005	3.681	3.275	2.443	1.672	1.437
	0.0045	6.17e+08	3.495	4.445	4.388	4.022	3.696	3.288	2.454	1.682	1.446
	0.0045	6.31e+08	3.516	4.472	4.410	4.039	3.710	3.302	2.469	1.698	1.463
	0.0045	6.46e+08	3.536	4.499	4.433	4.056	3.725	3.316	2.485	1.715	1.480
	0.0045	6.61e+08	3.556	4.525	4.455	4.073	3.740	3.331	2.500	1.732	1.498
	0.0045	6.76e+08	3.578	4.551	4.477	4.091	3.756	3.346	2.517	1.751	1.517
	0.0045	6.92e+08	3.596	4.576	4.499	4.108	3.770	3.359	2.531	1.765	1.532
	0.0045	7.08e+08	3.617	4.602	4.521	4.125	3.786	3.374	2.548	1.783	1.551
	0.0045	7.25e+08	3.638	4.629	4.544	4.142	3.801	3.389	2.564	1.801	1.570
	0.0045	7.41e+08	3.657	4.654	4.567	4.159	3.816	3.403	2.578	1.817	1.587
	0.0045	7.59e+08	3.676	4.680	4.590	4.177	3.830	3.416	2.593	1.834	1.604
	0.0045	7.76e+08	3.696	4.706	4.612	4.193	3.845	3.430	2.608	1.850	1.622
	0.0045	7.94e+08	3.716	4.732	4.635	4.210	3.859	3.444	2.624	1.868	1.640
	0.0045	8.13e+08	3.734	4.758	4.658	4.227	3.873	3.456	2.636	1.882	1.655
	0.0045	8.32e+08	3.753	4.784	4.681	4.244	3.887	3.470	2.651	1.899	1.672
	0.0045	8.51e+08	3.772	4.809	4.705	4.260	3.901	3.483	2.665	1.915	1.690
	0.0045	8.71e+08	3.785	4.836	4.729	4.279	3.916	3.492	2.666	1.913	1.689
	0.0045	8.91e+08	3.802	4.862	4.753	4.296	3.930	3.504	2.678	1.926	1.702
	0.0045	9.12e+08	3.822	4.888	4.777	4.314	3.945	3.518	2.693	1.942	1.719
	0.0045	9.33e+08	3.839	4.915	4.802	4.331	3.959	3.530	2.706	1.956	1.734
	0.0045	9.55e+08	3.856	4.941	4.826	4.349	3.974	3.543	2.718	1.968	1.747
	0.0045	9.77e+08	3.870	4.965	4.848	4.363	3.983	3.551	2.727	1.978	1.758
	0.0045	1.00e+09	3.887	4.991	4.872	4.380	3.997	3.563	2.739	1.991	1.771
	0.0045	1.02e+09	3.906	5.016	4.897	4.398	4.012	3.577	2.753	2.006	1.787
	0.0045	1.05e+09	3.924	5.042	4.922	4.416	4.027	3.590	2.767	2.021	1.803
	0.0045	1.07e+09	3.943	5.068	4.947	4.434	4.043	3.605	2.782	2.037	1.819
	0.0045	1.10e+09	3.962	5.095	4.973	4.454	4.059	3.620	2.798	2.053	1.836
	0.0045	1.12e+09	3.983	5.122	4.999	4.475	4.079	3.638	2.815	2.070	1.853
	0.0045	1.15e+09	3.992	5.145	5.019	4.484	4.083	3.640	2.818	2.075	1.860
	0.0045	1.18e+09	4.002	5.167	5.038	4.493	4.087	3.642	2.822	2.082	1.869
	0.0045	1.20e+09	4.007	5.188	5.055	4.498	4.087	3.640	2.820	2.082	1.872
	0.0045	1.23e+09	4.011	5.208	5.071	4.501	4.084	3.635	2.817	2.082	1.874
	0.0045	1.26e+09	4.008	5.228	5.086	4.504	4.080	3.623	2.799	2.062	1.859
	0.0045	1.29e+09	4.004	5.244	5.096	4.499	4.069	3.610	2.788	2.054	1.854
	0.0045	1.32e+09	3.999	5.259	5.104	4.494	4.058	3.596	2.776	2.045	1.848
	0.0045	1.35e+09	4.001	5.274	5.116	4.496	4.055	3.592	2.774	2.044	1.849
	0.0045	1.38e+09	4.005	5.289	5.127	4.497	4.053	3.589	2.773	2.047	1.853
	0.0045	1.41e+09	4.004	5.302	5.135	4.493	4.045	3.580	2.768	2.044	1.853
	0.0045	1.45e+09	3.479	5.304	5.061	4.289	3.737	3.154	2.128	1.277	1.036
	0.0045	1.48e+09	3.542	5.389	5.160	4.401	3.848	3.256	2.196	1.324	1.065
	0.0045	1.51e+09	4.538	5.534	5.437	4.904	4.530	4.134	3.410	2.743	2.529
	0.0045	1.55e+09	4.158	5.526	5.380	4.748	4.290	3.798	2.903	2.120	1.889
	0.0045	1.59e+09	4.187	5.556	5.410	4.775	4.316	3.824	2.931	2.150	1.921
	0.0045	1.62e+09	4.220	5.586	5.442	4.804	4.344	3.852	2.964	2.185	1.958
	0.0045	1.66e+09	4.253	5.617	5.475	4.834	4.374	3.883	2.997	2.220	1.994
	0.0045	1.70e+09	4.350	5.649	5.514	4.882	4.432	3.957	3.108	2.356	2.142
	0.0045	1.74e+09	4.404	5.675	5.540	4.904	4.457	3.990	3.170	2.438	2.237
	0.0045	1.78e+09	4.455	5.701	5.565	4.926	4.480	4.022	3.226	2.513	2.325
	0.0045	1.82e+09	4.502	5.727	5.591	4.947	4.503	4.050	3.277	2.582	2.407
	0.0045	1.86e+09	4.550	5.754	5.618	4.970	4.527	4.081	3.329	2.652	2.490
	0.0045	1.91e+09	4.600	5.783	5.647	4.998	4.556	4.115	3.381	2.722	2.573
	0.0045	1.95e+09	4.649	5.813	5.678	5.026	4.586	4.150	3.434	2.792	2.654
	0.0045	2.00e+09	4.719	5.844	5.712	5.061	4.624	4.197	3.512	2.895	2.777
	0.0045	2.04e+09	4.733	5.869	5.736	5.078	4.639	4.209	3.522	2.904	2.786
	0.0045	2.09e+09	4.747	5.894	5.759	5.096	4.653	4.221	3.531	2.911	2.793
	0.0045	2.14e+09	4.762	5.919	5.784	5.114	4.668	4.234	3.541	2.920	2.803
	0.0045	2.19e+09	4.775	5.945	5.808	5.132	4.683	4.246	3.550	2.927	2.809
	0.0045	2.24e+09	4.791	5.970	5.832	5.150	4.698	4.259	3.561	2.937	2.818
	0.0045	2.29e+09	4.804	5.996	5.855	5.167	4.712	4.271	3.570	2.944	2.826
	0.0045	2.34e+09	4.820	6.022	5.879	5.185	4.728	4.284	3.581	2.953	2.835
	0.0045	2.40e+09	4.853	6.047	5.902	5.203	4.745	4.304	3.613	3.000	2.894
	0.0045	2.46e+09	4.865	6.072	5.924	5.220	4.758	4.315	3.620	3.004	2.898
	0.0045	2.51e+09	4.881	6.097	5.947	5.238	4.775	4.329	3.634	3.017	2.911
	0.0045	2.57e+09	4.893	6.122	5.969	5.255	4.789	4.341	3.641	3.022	2.915
	0.0045	2.63e+09	4.908	6.145	5.991	5.273	4.804	4.355	3.653	3.032	2.926
	0.0045	2.69e+09	4.924	6.169	6.013	5.291	4.820	4.370	3.666	3.044	2.938
	0.0045	2.75e+09	4.941	6.194	6.037	5.311	4.839	4.386	3.680	3.055	2.948
	0.0045	2.82e+09	4.962	6.221	6.063	5.335	4.861	4.407	3.698	3.071	2.963
	0.0045	2.88e+09	4.998	6.220	6.047	5.313	4.844	4.404	3.741	3.156	3.076
	0.0045	2.95e+09	5.019	6.251	6.078	5.340	4.868	4.425	3.758	3.170	3.090
	0.0045	3.02e+09	5.042	6.283	6.110	5.367	4.893	4.447	3.777	3.186	3.106
	0.0045	3.09e+09	5.061	6.313	6.139	5.392	4.915	4.466	3.792	3.197	3.116
	0.0045	3.16e+09	5.084	6.343	6.169	5.418	4.939	4.489	3.811	3.214	3.132
	0.0045	3.24e+09	5.104	6.371	6.196	5.442	4.961	4.509	3.828	3.227	3.145
	0.0045	3.31e+09	5.124	6.397	6.222	5.466	4.983	4.530	3.846	3.244	3.161
	0.0045	3.39e+09	5.145	6.421	6.247	5.490	5.006	4.551	3.866	3.261	3.178
	0.0045	3.47e+09	5.165	6.444	6.270	5.512	5.027	4.571	3.883	3.276	3.192
	0.0045	3.55e+09	5.187	6.468	6.296	5.537	5.051	4.594	3.905	3.297	3.212
	0.0045	3.63e+09	5.211	6.493	6.321	5.561	5.075	4.617	3.927	3.318	3.234
	0.0045	3.72e+09	5.248	6.520	6.352	5.595	5.110	4.654	3.966	3.359	3.275
	0.0045	3.80e+09	5.266	6.541	6.372	5.613	5.127	4.670	3.983	3.375	3.291
	0.0045	3.89e+09	5.281	6.561	6.391	5.630	5.143	4.685	3.996	3.387	3.303
	0.0045	3.98e+09	5.298	6.581	6.410	5.647	5.160	4.702	4.013	3.404	3.320
	0.0045	4.07e+09	5.315	6.601	6.429	5.665	5.177	4.718	4.028	3.419	3.335
	0.0045	4.17e+09	5.332	6.621	6.449	5.683	5.194	4.735	4.044	3.434	3.350
	0.0045	4.27e+09	5.350	6.642	6.469	5.702	5.212	4.752	4.061	3.451	3.366
	0.0045	4.37e+09	5.366	6.663	6.489	5.721	5.230	4.769	4.075	3.464	3.379
	0.0045	4.47e+09	5.384	6.685	6.510	5.740	5.249	4.786	4.091	3.479	3.394
	0.0045	4.57e+09	5.412	6.715	6.541	5.771	5.279	4.816	4.118	3.504	3.419
	0.0045	4.68e+09	5.442	6.740	6.568	5.799	5.308	4.846	4.149	3.537	3.451
	0.0045	4.79e+09	5.457	6.762	6.588	5.817	5.324	4.860	4.162	3.549	3.463
	0.0045	4.90e+09	5.475	6.784	6.609	5.836	5.342	4.878	4.179	3.565	3.479
	0.0045	5.01e+09	5.500	6.809	6.634	5.860	5.367	4.902	4.204	3.591	3.505
	0.0045	5.13e+09	5.516	6.831	6.655	5.878	5.383	4.918	4.218	3.604	3.518
	0.0045	5.25e+09	5.535	6.854	6.676	5.897	5.402	4.936	4.235	3.621	3.535
	0.0045	5.37e+09	5.552	6.877	6.697	5.916	5.419	4.952	4.251	3.637	3.551
	0.0045	5.50e+09	5.569	6.900	6.718	5.934	5.436	4.968	4.266	3.651	3.564
	0.0045	5.62e+09	5.582	6.923	6.738	5.951	5.451	4.982	4.277	3.660	3.573
	0.0045	5.76e+09	5.599	6.946	6.759	5.970	5.468	4.998	4.291	3.673	3.585
	0.0045	5.89e+09	5.615	6.967	6.779	5.987	5.485	5.014	4.305	3.686	3.599
	0.0045	6.03e+09	5.640	6.996	6.808	6.015	5.512	5.040	4.329	3.709	3.621
	0.0045	6.17e+09	5.669	7.021	6.833	6.040	5.537	5.066	4.361	3.743	3.656
	0.0045	6.31e+09	5.687	7.043	6.854	6.058	5.555	5.083	4.378	3.760	3.673
	0.0045	6.46e+09	5.705	7.066	6.874	6.077	5.572	5.100	4.395	3.778	3.691
	0.0045	6.61e+09	5.722	7.089	6.895	6.095	5.589	5.117	4.409	3.792	3.704
	0.0045	6.76e+09	5.736	7.112	6.915	6.112	5.604	5.130	4.421	3.801	3.714
	0.0045	6.92e+09	5.752	7.134	6.934	6.128	5.619	5.145	4.435	3.816	3.729
	0.0045	7.08e+09	5.745	7.153	6.944	6.129	5.616	5.138	4.422	3.798	3.710
	0.0045	7.25e+09	5.763	7.179	6.967	6.149	5.635	5.155	4.437	3.812	3.724
	0.0045	7.41e+09	5.778	7.205	6.989	6.168	5.652	5.170	4.450	3.823	3.734
	0.0045	7.59e+09	5.792	7.231	7.012	6.187	5.669	5.185	4.460	3.831	3.741
	0.0045	7.76e+09	5.812	7.258	7.036	6.209	5.689	5.205	4.479	3.849	3.759
	0.0045	7.94e+09	5.833	7.285	7.061	6.231	5.711	5.225	4.499	3.869	3.779
	0.0045	8.13e+09	5.852	7.314	7.087	6.254	5.732	5.245	4.514	3.882	3.791
	0.0045	8.32e+09	5.868	7.340	7.109	6.273	5.749	5.260	4.528	3.894	3.803
	0.0045	8.51e+09	5.885	7.367	7.132	6.292	5.767	5.276	4.543	3.907	3.816
	0.0045	8.71e+09	5.903	7.393	7.154	6.312	5.785	5.294	4.559	3.923	3.832
	0.0045	8.91e+09	5.916	7.415	7.173	6.328	5.800	5.308	4.571	3.933	3.841
	0.0045	9.12e+09	5.934	7.442	7.196	6.349	5.819	5.325	4.586	3.947	3.855
	0.0045	9.33e+09	5.951	7.469	7.219	6.368	5.837	5.342	4.601	3.961	3.869
	0.0045	9.55e+09	5.972	7.496	7.243	6.390	5.858	5.362	4.620	3.980	3.888
	0.0045	9.77e+09	5.988	7.523	7.267	6.410	5.876	5.378	4.634	3.992	3.899
	0.0045	1.00e+10	6.011	7.551	7.291	6.433	5.898	5.400	4.656	4.015	3.922
	0.0045	1.02e+10	6.025	7.578	7.314	6.452	5.915	5.415	4.667	4.023	3.930
	0.0045	1.05e+10	6.045	7.606	7.339	6.474	5.936	5.435	4.685	4.040	3.946
	0.0045	1.07e+10	6.054	7.630	7.358	6.490	5.950	5.446	4.690	4.042	3.947
	0.0045	1.10e+10	6.072	7.656	7.380	6.509	5.968	5.463	4.707	4.059	3.964
	0.0045	1.12e+10	6.090	7.682	7.402	6.529	5.986	5.480	4.724	4.075	3.980
	0.0045	1.15e+10	6.109	7.708	7.425	6.549	6.005	5.499	4.742	4.092	3.997
	0.0045	1.18e+10	6.131	7.734	7.448	6.570	6.025	5.519	4.763	4.115	4.020
	0.0045	1.20e+10	6.148	7.761	7.470	6.589	6.043	5.536	4.778	4.128	4.033
	0.0045	1.23e+10	6.168	7.787	7.493	6.610	6.063	5.555	4.797	4.147	4.052
	0.0045	1.26e+10	6.185	7.814	7.517	6.631	6.082	5.573	4.812	4.161	4.066
	0.0045	1.29e+10	6.210	7.842	7.541	6.654	6.105	5.596	4.836	4.186	4.091
	0.0045	1.32e+10	6.228	7.869	7.565	6.676	6.126	5.615	4.853	4.202	4.106
