# File generated by CMD 2.7 (http://stev.oapd.inaf.it/cmd) on Tue Jun 16 09:28:16 CEST 2015
# Basic reference: Marigo et al. (2008, A&A 482, 883) 
# but applying the corrections from Case A in Girardi et al. (2010, ApJ 724, 1030) 
# + Bertelli et al. (1994, A&AS, 106, 275) for the Mi>7.0 Msun interval
# Photometric system: <i>UBVRIJHK</i> (cf. Maiz-Apellaniz 2006 + Bessell 1990)
# Using OBC version of bolometric corrections as detailed in Marigo et al. (2008, A&A 482, 883) and Girardi et al. (2008, PASP 120, 583)
# BCs of Carbon stars derive from Loidl et al. (2001, A&A 342, 531)
# O-rich circumstellar dust ignored
# C-rich circumstellar dust ignored
# IMF: Kroupa (2001, 2002) + Kroupa et al. (2013) canonical two-part-power law IMF corrected for unresolved binaries 
# Kind of output: SSP integrated magnitudes
#	Z	Age		mbol    U       B       V       R       I       J       H       K
	0.0018	3.98e+06	-2.654	-0.817	0.069	0.217	0.246	0.275	0.347	0.305	0.320
	0.0018	4.07e+06	-2.603	-0.815	0.057	0.219	0.264	0.316	0.438	0.428	0.454
	0.0018	4.17e+06	-2.547	-0.785	0.101	0.271	0.320	0.379	0.516	0.511	0.541
	0.0018	4.27e+06	-2.488	-0.759	0.142	0.317	0.370	0.433	0.580	0.576	0.608
	0.0018	4.37e+06	-2.430	-0.749	0.167	0.347	0.402	0.469	0.621	0.616	0.649
	0.0018	4.47e+06	-2.397	-0.745	0.182	0.365	0.421	0.490	0.643	0.636	0.669
	0.0018	4.57e+06	-2.363	-0.747	0.185	0.368	0.425	0.493	0.645	0.636	0.669
	0.0018	4.68e+06	-2.329	-0.755	0.176	0.357	0.412	0.479	0.626	0.614	0.646
	0.0018	4.79e+06	-2.294	-0.767	0.153	0.329	0.381	0.445	0.585	0.569	0.599
	0.0018	4.90e+06	-2.258	-0.785	0.114	0.282	0.329	0.386	0.517	0.496	0.524
	0.0018	5.01e+06	-2.220	-0.808	0.058	0.214	0.254	0.302	0.419	0.394	0.418
	0.0018	5.13e+06	-2.182	-0.834	-0.019	0.122	0.153	0.190	0.289	0.257	0.278
	0.0018	5.25e+06	-2.142	-0.863	-0.111	0.009	0.027	0.049	0.123	0.083	0.099
	0.0018	5.37e+06	-2.098	-0.869	-0.170	-0.056	-0.036	-0.012	0.070	0.050	0.069
	0.0018	5.50e+06	-2.053	-0.849	-0.175	-0.066	-0.049	-0.027	0.052	0.034	0.053
	0.0018	5.62e+06	-2.006	-0.849	-0.308	-0.239	-0.242	-0.249	-0.222	-0.250	-0.240
	0.0018	5.75e+06	-1.965	-0.801	-0.373	-0.372	-0.422	-0.489	-0.569	-0.656	-0.666
	0.0018	5.89e+06	-1.929	-0.768	-0.353	-0.358	-0.412	-0.483	-0.573	-0.666	-0.677
	0.0018	6.03e+06	-1.891	-0.732	-0.330	-0.341	-0.399	-0.476	-0.576	-0.674	-0.688
	0.0018	6.17e+06	-1.853	-0.696	-0.305	-0.322	-0.385	-0.468	-0.579	-0.683	-0.699
	0.0018	6.31e+06	-1.813	-0.658	-0.277	-0.302	-0.370	-0.459	-0.581	-0.692	-0.709
	0.0018	6.46e+06	-1.773	-0.620	-0.250	-0.281	-0.353	-0.448	-0.581	-0.699	-0.718
	0.0018	6.61e+06	-1.733	-0.577	-0.218	-0.257	-0.334	-0.435	-0.579	-0.706	-0.726
	0.0018	6.76e+06	-1.691	-0.528	-0.176	-0.220	-0.302	-0.408	-0.562	-0.697	-0.719
	0.0018	6.92e+06	-1.645	-0.457	-0.083	-0.126	-0.210	-0.319	-0.479	-0.623	-0.646
	0.0018	7.08e+06	-1.598	-0.390	0.019	-0.015	-0.095	-0.201	-0.359	-0.511	-0.534
	0.0018	7.24e+06	-1.552	-0.347	0.098	0.090	0.028	-0.057	-0.185	-0.321	-0.340
	0.0018	7.41e+06	-1.521	-0.334	0.124	0.126	0.072	-0.003	-0.114	-0.242	-0.258
	0.0018	7.59e+06	-1.491	-0.319	0.154	0.166	0.118	0.051	-0.045	-0.166	-0.180
	0.0018	7.76e+06	-1.459	-0.302	0.187	0.208	0.165	0.105	0.023	-0.094	-0.106
	0.0018	7.94e+06	-1.428	-0.282	0.221	0.251	0.213	0.160	0.089	-0.025	-0.034
	0.0018	8.13e+06	-1.397	-0.260	0.253	0.293	0.261	0.215	0.152	0.041	0.033
	0.0018	8.32e+06	-1.366	-0.236	0.289	0.337	0.310	0.269	0.214	0.103	0.096
	0.0018	8.51e+06	-1.334	-0.212	0.328	0.382	0.358	0.321	0.273	0.160	0.154
	0.0018	8.71e+06	-1.302	-0.186	0.370	0.428	0.406	0.372	0.328	0.213	0.207
	0.0018	8.91e+06	-1.269	-0.158	0.413	0.474	0.454	0.422	0.380	0.260	0.254
	0.0018	9.12e+06	-1.236	-0.129	0.457	0.520	0.500	0.469	0.428	0.303	0.296
	0.0018	9.33e+06	-1.204	-0.099	0.501	0.566	0.546	0.515	0.472	0.340	0.333
	0.0018	9.55e+06	-1.173	-0.067	0.544	0.610	0.590	0.558	0.511	0.371	0.363
	0.0018	9.77e+06	-1.140	-0.032	0.588	0.655	0.633	0.600	0.546	0.397	0.388
	0.0018	1.00e+07	-1.108	0.005	0.633	0.699	0.676	0.639	0.576	0.416	0.405
	0.0018	1.02e+07	-1.075	0.044	0.680	0.745	0.718	0.676	0.602	0.429	0.416
	0.0018	1.05e+07	-1.041	0.083	0.731	0.791	0.759	0.711	0.622	0.434	0.419
	0.0018	1.07e+07	-1.007	0.124	0.785	0.839	0.800	0.744	0.637	0.432	0.414
	0.0018	1.10e+07	-0.972	0.165	0.840	0.887	0.840	0.774	0.647	0.423	0.401
	0.0018	1.12e+07	-0.936	0.209	0.896	0.936	0.880	0.803	0.652	0.405	0.380
	0.0018	1.15e+07	-0.900	0.255	0.952	0.986	0.921	0.831	0.654	0.380	0.351
	0.0018	1.17e+07	-0.864	0.302	1.008	1.036	0.962	0.859	0.652	0.348	0.316
	0.0018	1.20e+07	-0.826	0.350	1.066	1.088	1.005	0.888	0.647	0.310	0.273
	0.0018	1.23e+07	-0.788	0.398	1.123	1.142	1.050	0.919	0.642	0.267	0.225
	0.0018	1.26e+07	-0.748	0.446	1.182	1.205	1.110	0.972	0.667	0.255	0.209
	0.0018	1.29e+07	-0.705	0.502	1.252	1.282	1.190	1.056	0.752	0.338	0.292
	0.0018	1.32e+07	-0.661	0.556	1.306	1.330	1.232	1.090	0.773	0.350	0.302
	0.0018	1.35e+07	-0.623	0.594	1.351	1.382	1.291	1.158	0.855	0.441	0.395
	0.0018	1.38e+07	-0.593	0.615	1.368	1.398	1.308	1.176	0.878	0.469	0.423
	0.0018	1.41e+07	-0.564	0.636	1.386	1.415	1.326	1.195	0.901	0.497	0.452
	0.0018	1.45e+07	-0.534	0.657	1.404	1.433	1.344	1.215	0.925	0.525	0.481
	0.0018	1.48e+07	-0.504	0.679	1.422	1.451	1.363	1.236	0.950	0.554	0.510
	0.0018	1.51e+07	-0.473	0.701	1.442	1.471	1.383	1.257	0.975	0.583	0.540
	0.0018	1.55e+07	-0.442	0.724	1.462	1.491	1.404	1.279	1.001	0.613	0.570
	0.0018	1.58e+07	-0.411	0.747	1.483	1.511	1.425	1.302	1.027	0.643	0.601
	0.0018	1.62e+07	-0.380	0.770	1.504	1.532	1.447	1.325	1.054	0.674	0.633
	0.0018	1.66e+07	-0.348	0.795	1.527	1.555	1.470	1.349	1.082	0.705	0.664
	0.0018	1.70e+07	-0.315	0.820	1.551	1.578	1.494	1.374	1.110	0.737	0.697
	0.0018	1.74e+07	-0.282	0.846	1.575	1.602	1.519	1.400	1.140	0.770	0.730
	0.0018	1.78e+07	-0.247	0.874	1.602	1.633	1.554	1.441	1.191	0.829	0.791
	0.0018	1.82e+07	-0.210	0.907	1.639	1.682	1.615	1.516	1.290	0.943	0.908
	0.0018	1.86e+07	-0.172	0.942	1.668	1.709	1.640	1.539	1.311	0.963	0.927
	0.0018	1.91e+07	-0.138	0.969	1.687	1.725	1.655	1.554	1.325	0.980	0.944
	0.0018	1.95e+07	-0.110	0.984	1.690	1.723	1.650	1.545	1.311	0.963	0.927
	0.0018	2.00e+07	-0.082	1.000	1.695	1.723	1.646	1.537	1.297	0.947	0.910
	0.0018	2.04e+07	-0.054	1.017	1.700	1.722	1.642	1.528	1.283	0.930	0.893
	0.0018	2.09e+07	-0.027	1.033	1.706	1.722	1.638	1.520	1.268	0.914	0.876
	0.0018	2.14e+07	0.001	1.051	1.712	1.723	1.635	1.512	1.254	0.897	0.858
	0.0018	2.19e+07	0.028	1.069	1.720	1.724	1.632	1.505	1.240	0.880	0.841
	0.0018	2.24e+07	0.057	1.087	1.729	1.727	1.630	1.498	1.227	0.863	0.823
	0.0018	2.29e+07	0.085	1.107	1.738	1.730	1.629	1.492	1.213	0.846	0.805
	0.0018	2.34e+07	0.113	1.127	1.747	1.733	1.628	1.487	1.200	0.829	0.787
	0.0018	2.40e+07	0.142	1.148	1.757	1.738	1.629	1.482	1.188	0.812	0.770
	0.0018	2.45e+07	0.172	1.170	1.769	1.748	1.637	1.489	1.193	0.815	0.772
	0.0018	2.51e+07	0.203	1.194	1.786	1.763	1.652	1.503	1.205	0.826	0.783
	0.0018	2.57e+07	0.235	1.222	1.805	1.777	1.662	1.510	1.206	0.824	0.781
	0.0018	2.63e+07	0.265	1.244	1.819	1.788	1.671	1.517	1.210	0.828	0.785
	0.0018	2.69e+07	0.293	1.265	1.830	1.795	1.676	1.518	1.208	0.825	0.782
	0.0018	2.75e+07	0.321	1.286	1.842	1.802	1.680	1.520	1.206	0.823	0.779
	0.0018	2.82e+07	0.350	1.308	1.854	1.809	1.685	1.522	1.205	0.820	0.776
	0.0018	2.88e+07	0.378	1.330	1.867	1.818	1.691	1.525	1.204	0.818	0.774
	0.0018	2.95e+07	0.406	1.353	1.880	1.826	1.696	1.528	1.203	0.816	0.772
	0.0018	3.02e+07	0.435	1.377	1.894	1.835	1.703	1.531	1.203	0.815	0.770
	0.0018	3.09e+07	0.464	1.401	1.909	1.845	1.709	1.535	1.202	0.813	0.768
	0.0018	3.16e+07	0.493	1.426	1.924	1.856	1.717	1.539	1.202	0.812	0.767
	0.0018	3.24e+07	0.522	1.452	1.941	1.866	1.724	1.543	1.202	0.811	0.765
	0.0018	3.31e+07	0.553	1.478	1.958	1.878	1.733	1.548	1.202	0.809	0.763
	0.0018	3.39e+07	0.582	1.505	1.976	1.891	1.741	1.553	1.203	0.809	0.762
	0.0018	3.47e+07	0.613	1.533	1.995	1.904	1.751	1.559	1.203	0.807	0.761
	0.0018	3.55e+07	0.646	1.560	2.018	1.929	1.779	1.591	1.242	0.853	0.807
	0.0018	3.63e+07	0.680	1.594	2.050	1.962	1.813	1.624	1.275	0.884	0.837
	0.0018	3.72e+07	0.715	1.632	2.092	2.003	1.852	1.662	1.309	0.914	0.868
	0.0018	3.80e+07	0.742	1.650	2.109	2.023	1.875	1.687	1.337	0.944	0.897
	0.0018	3.89e+07	0.769	1.668	2.126	2.041	1.894	1.708	1.360	0.966	0.920
	0.0018	3.98e+07	0.795	1.685	2.142	2.059	1.914	1.729	1.382	0.988	0.942
	0.0018	4.07e+07	0.822	1.703	2.158	2.077	1.933	1.750	1.404	1.010	0.964
	0.0018	4.17e+07	0.848	1.721	2.175	2.095	1.953	1.771	1.426	1.032	0.986
	0.0018	4.27e+07	0.875	1.740	2.192	2.114	1.973	1.792	1.449	1.055	1.008
	0.0018	4.37e+07	0.903	1.759	2.209	2.133	1.993	1.813	1.471	1.076	1.030
	0.0018	4.47e+07	0.930	1.777	2.226	2.151	2.013	1.835	1.494	1.099	1.053
	0.0018	4.57e+07	0.957	1.796	2.244	2.170	2.033	1.856	1.516	1.121	1.075
	0.0018	4.68e+07	0.984	1.815	2.261	2.189	2.053	1.877	1.539	1.143	1.097
	0.0018	4.79e+07	1.012	1.834	2.279	2.208	2.073	1.898	1.561	1.165	1.119
	0.0018	4.90e+07	1.039	1.853	2.296	2.227	2.093	1.920	1.584	1.187	1.141
	0.0018	5.01e+07	1.066	1.872	2.314	2.246	2.114	1.941	1.606	1.210	1.164
	0.0018	5.13e+07	1.093	1.892	2.332	2.265	2.134	1.963	1.629	1.232	1.186
	0.0018	5.25e+07	1.122	1.911	2.351	2.287	2.159	1.991	1.661	1.267	1.221
	0.0018	5.37e+07	1.151	1.931	2.370	2.310	2.184	2.018	1.693	1.302	1.256
	0.0018	5.50e+07	1.181	1.956	2.395	2.333	2.207	2.042	1.718	1.328	1.283
	0.0018	5.62e+07	1.210	1.978	2.413	2.352	2.227	2.064	1.742	1.355	1.310
	0.0018	5.75e+07	1.237	1.997	2.427	2.365	2.241	2.077	1.757	1.372	1.328
	0.0018	5.89e+07	1.263	2.016	2.441	2.379	2.254	2.091	1.773	1.389	1.345
	0.0018	6.03e+07	1.289	2.035	2.455	2.392	2.267	2.105	1.787	1.406	1.362
	0.0018	6.17e+07	1.315	2.054	2.469	2.405	2.281	2.119	1.803	1.423	1.380
	0.0018	6.31e+07	1.341	2.073	2.483	2.419	2.295	2.133	1.818	1.440	1.397
	0.0018	6.46e+07	1.368	2.092	2.497	2.432	2.308	2.147	1.833	1.457	1.414
	0.0018	6.61e+07	1.395	2.112	2.512	2.446	2.322	2.161	1.849	1.475	1.432
	0.0018	6.76e+07	1.422	2.132	2.527	2.461	2.337	2.176	1.864	1.492	1.449
	0.0018	6.92e+07	1.449	2.152	2.542	2.476	2.352	2.192	1.882	1.512	1.469
	0.0018	7.08e+07	1.477	2.172	2.558	2.494	2.372	2.215	1.910	1.545	1.503
	0.0018	7.24e+07	1.505	2.194	2.577	2.513	2.392	2.235	1.932	1.569	1.527
	0.0018	7.41e+07	1.534	2.219	2.599	2.532	2.411	2.253	1.949	1.586	1.544
	0.0018	7.59e+07	1.562	2.241	2.617	2.550	2.428	2.271	1.968	1.607	1.566
	0.0018	7.76e+07	1.587	2.260	2.632	2.563	2.441	2.283	1.980	1.619	1.578
	0.0018	7.94e+07	1.613	2.280	2.647	2.576	2.453	2.295	1.991	1.631	1.590
	0.0018	8.13e+07	1.638	2.299	2.661	2.589	2.466	2.307	2.003	1.643	1.601
	0.0018	8.32e+07	1.663	2.319	2.676	2.602	2.478	2.319	2.015	1.655	1.613
	0.0018	8.51e+07	1.688	2.339	2.691	2.616	2.491	2.331	2.026	1.667	1.625
	0.0018	8.71e+07	1.714	2.358	2.706	2.629	2.504	2.343	2.038	1.679	1.637
	0.0018	8.91e+07	1.739	2.378	2.722	2.643	2.517	2.356	2.049	1.690	1.648
	0.0018	9.12e+07	1.765	2.399	2.737	2.657	2.530	2.368	2.060	1.701	1.659
	0.0018	9.33e+07	1.791	2.420	2.753	2.671	2.544	2.381	2.072	1.713	1.671
	0.0018	9.55e+07	1.817	2.441	2.769	2.686	2.557	2.393	2.084	1.724	1.682
	0.0018	9.77e+07	1.843	2.462	2.786	2.700	2.571	2.406	2.095	1.735	1.693
	0.0018	1.00e+08	1.869	2.482	2.803	2.717	2.588	2.423	2.114	1.755	1.713
	0.0018	1.02e+08	1.895	2.503	2.819	2.733	2.604	2.440	2.131	1.773	1.730
	0.0018	1.05e+08	1.923	2.526	2.840	2.752	2.622	2.457	2.146	1.787	1.744
	0.0018	1.07e+08	1.950	2.551	2.861	2.770	2.638	2.471	2.158	1.797	1.753
	0.0018	1.10e+08	1.900	2.570	2.869	2.751	2.580	2.347	1.840	1.298	1.179
	0.0018	1.12e+08	1.920	2.591	2.885	2.763	2.590	2.353	1.838	1.290	1.170
	0.0018	1.15e+08	1.941	2.612	2.901	2.776	2.600	2.358	1.836	1.283	1.161
	0.0018	1.17e+08	1.961	2.632	2.917	2.788	2.610	2.365	1.834	1.276	1.152
	0.0018	1.20e+08	1.982	2.653	2.933	2.801	2.619	2.371	1.834	1.273	1.148
	0.0018	1.23e+08	2.002	2.674	2.949	2.813	2.629	2.378	1.834	1.269	1.141
	0.0018	1.26e+08	2.022	2.695	2.965	2.826	2.639	2.383	1.830	1.260	1.131
	0.0018	1.29e+08	2.042	2.716	2.982	2.839	2.649	2.390	1.829	1.253	1.122
	0.0018	1.32e+08	2.062	2.738	2.999	2.853	2.659	2.395	1.824	1.243	1.111
	0.0018	1.35e+08	2.082	2.760	3.017	2.866	2.670	2.403	1.826	1.242	1.107
	0.0018	1.38e+08	2.099	2.780	3.032	2.878	2.679	2.406	1.817	1.225	1.086
	0.0018	1.41e+08	2.114	2.801	3.047	2.888	2.684	2.406	1.804	1.203	1.060
	0.0018	1.45e+08	2.128	2.821	3.063	2.899	2.690	2.405	1.788	1.175	1.028
	0.0018	1.48e+08	2.139	2.842	3.079	2.909	2.694	2.401	1.765	1.138	0.986
	0.0018	1.51e+08	2.155	2.864	3.096	2.921	2.702	2.402	1.753	1.118	0.962
	0.0018	1.55e+08	2.169	2.886	3.113	2.934	2.710	2.404	1.740	1.094	0.935
	0.0018	1.59e+08	2.181	2.907	3.130	2.946	2.717	2.405	1.726	1.070	0.904
	0.0018	1.62e+08	2.195	2.928	3.147	2.959	2.726	2.408	1.715	1.049	0.880
	0.0018	1.66e+08	2.207	2.950	3.166	2.974	2.736	2.410	1.702	1.026	0.852
	0.0018	1.70e+08	2.219	2.974	3.187	2.988	2.745	2.410	1.685	0.997	0.820
	0.0018	1.74e+08	2.233	2.998	3.208	3.005	2.756	2.414	1.674	0.976	0.795
	0.0018	1.78e+08	2.272	3.020	3.228	3.027	2.783	2.447	1.721	1.033	0.859
	0.0018	1.82e+08	2.304	3.041	3.247	3.046	2.804	2.473	1.759	1.078	0.907
	0.0018	1.86e+08	2.338	3.062	3.266	3.065	2.826	2.500	1.799	1.126	0.958
	0.0018	1.91e+08	2.372	3.084	3.285	3.084	2.848	2.527	1.839	1.174	1.009
	0.0018	1.95e+08	2.406	3.106	3.305	3.104	2.870	2.554	1.879	1.223	1.062
	0.0018	2.00e+08	2.442	3.128	3.325	3.124	2.893	2.582	1.922	1.276	1.118
	0.0018	2.04e+08	2.477	3.151	3.346	3.147	2.918	2.610	1.957	1.316	1.165
	0.0018	2.09e+08	2.513	3.173	3.366	3.168	2.943	2.641	2.004	1.375	1.228
	0.0018	2.14e+08	2.549	3.195	3.386	3.189	2.967	2.671	2.052	1.435	1.293
	0.0018	2.19e+08	2.587	3.218	3.407	3.211	2.992	2.703	2.102	1.498	1.362
	0.0018	2.24e+08	2.625	3.242	3.431	3.234	3.018	2.735	2.152	1.563	1.432
	0.0018	2.29e+08	2.664	3.267	3.454	3.258	3.045	2.767	2.205	1.631	1.508
	0.0018	2.34e+08	2.705	3.290	3.477	3.282	3.073	2.803	2.261	1.704	1.589
	0.0018	2.40e+08	2.718	3.310	3.493	3.297	3.086	2.811	2.249	1.678	1.553
	0.0018	2.45e+08	2.719	3.330	3.508	3.307	3.091	2.805	2.207	1.607	1.469
	0.0018	2.51e+08	2.721	3.350	3.524	3.319	3.097	2.801	2.168	1.542	1.391
	0.0018	2.57e+08	2.722	3.370	3.539	3.327	3.099	2.794	2.142	1.497	1.331
	0.0018	2.63e+08	2.724	3.389	3.553	3.334	3.098	2.788	2.126	1.467	1.284
	0.0018	2.69e+08	2.725	3.410	3.570	3.346	3.105	2.784	2.094	1.412	1.216
	0.0018	2.75e+08	2.726	3.432	3.587	3.359	3.112	2.782	2.065	1.362	1.155
	0.0018	2.82e+08	2.727	3.453	3.604	3.370	3.117	2.779	2.043	1.321	1.100
	0.0018	2.88e+08	2.729	3.474	3.622	3.384	3.127	2.780	2.018	1.277	1.045
	0.0018	2.95e+08	2.730	3.495	3.639	3.398	3.136	2.783	2.000	1.241	0.996
	0.0018	3.02e+08	2.731	3.516	3.657	3.413	3.146	2.784	1.976	1.198	0.943
	0.0018	3.09e+08	2.732	3.538	3.676	3.429	3.158	2.786	1.952	1.157	0.892
	0.0018	3.16e+08	2.734	3.562	3.696	3.447	3.171	2.790	1.932	1.120	0.845
	0.0018	3.24e+08	2.735	3.586	3.717	3.465	3.184	2.793	1.909	1.081	0.797
	0.0018	3.31e+08	2.736	3.610	3.739	3.483	3.197	2.796	1.887	1.045	0.752
	0.0018	3.39e+08	2.753	3.633	3.760	3.505	3.221	2.819	1.899	1.050	0.749
	0.0018	3.47e+08	2.790	3.653	3.776	3.521	3.238	2.843	1.943	1.106	0.811
	0.0018	3.55e+08	2.816	3.673	3.792	3.533	3.250	2.857	1.966	1.137	0.846
	0.0018	3.63e+08	2.841	3.693	3.808	3.547	3.263	2.872	1.989	1.165	0.878
	0.0018	3.72e+08	2.866	3.714	3.825	3.560	3.276	2.886	2.010	1.193	0.911
	0.0018	3.80e+08	2.891	3.735	3.841	3.574	3.289	2.900	2.032	1.221	0.943
	0.0018	3.89e+08	2.917	3.757	3.859	3.588	3.302	2.915	2.055	1.249	0.975
	0.0018	3.98e+08	2.942	3.779	3.877	3.603	3.316	2.930	2.077	1.278	1.009
	0.0018	4.07e+08	2.968	3.801	3.895	3.618	3.330	2.945	2.099	1.306	1.040
	0.0018	4.17e+08	2.993	3.822	3.913	3.633	3.344	2.960	2.121	1.334	1.073
	0.0018	4.27e+08	3.019	3.845	3.931	3.648	3.358	2.976	2.143	1.362	1.104
	0.0018	4.37e+08	3.044	3.868	3.950	3.664	3.374	2.992	2.166	1.391	1.137
	0.0018	4.47e+08	3.071	3.890	3.969	3.682	3.391	3.010	2.190	1.420	1.170
	0.0018	4.57e+08	3.096	3.912	3.988	3.698	3.407	3.027	2.212	1.448	1.202
	0.0018	4.68e+08	3.123	3.936	4.009	3.716	3.423	3.044	2.236	1.477	1.235
	0.0018	4.79e+08	3.149	3.963	4.032	3.734	3.440	3.060	2.257	1.503	1.265
	0.0018	4.90e+08	3.176	3.989	4.054	3.753	3.457	3.078	2.280	1.533	1.299
	0.0018	5.01e+08	3.202	4.014	4.075	3.770	3.473	3.094	2.301	1.559	1.329
	0.0018	5.13e+08	3.228	4.040	4.098	3.789	3.490	3.111	2.323	1.586	1.359
	0.0018	5.25e+08	3.254	4.067	4.121	3.808	3.507	3.128	2.344	1.612	1.389
	0.0018	5.37e+08	3.280	4.094	4.144	3.827	3.525	3.146	2.366	1.639	1.420
	0.0018	5.50e+08	3.314	4.120	4.167	3.849	3.548	3.172	2.401	1.680	1.464
	0.0018	5.62e+08	3.335	4.145	4.188	3.865	3.562	3.185	2.415	1.695	1.479
	0.0018	5.76e+08	3.357	4.171	4.210	3.882	3.577	3.199	2.431	1.712	1.498
	0.0018	5.89e+08	3.378	4.197	4.231	3.899	3.592	3.212	2.445	1.727	1.514
	0.0018	6.03e+08	3.400	4.222	4.253	3.917	3.608	3.228	2.461	1.744	1.532
	0.0018	6.17e+08	3.422	4.249	4.275	3.935	3.624	3.243	2.477	1.761	1.550
	0.0018	6.31e+08	3.444	4.275	4.297	3.952	3.640	3.257	2.493	1.778	1.568
	0.0018	6.46e+08	3.466	4.303	4.320	3.971	3.656	3.273	2.509	1.796	1.586
	0.0018	6.61e+08	3.487	4.330	4.343	3.989	3.672	3.288	2.524	1.811	1.602
	0.0018	6.76e+08	3.508	4.356	4.365	4.007	3.688	3.303	2.540	1.828	1.620
	0.0018	6.92e+08	3.530	4.382	4.387	4.025	3.705	3.319	2.556	1.845	1.638
	0.0018	7.08e+08	3.552	4.408	4.409	4.043	3.722	3.335	2.573	1.863	1.657
	0.0018	7.25e+08	3.574	4.434	4.430	4.061	3.738	3.351	2.590	1.881	1.676
	0.0018	7.41e+08	3.597	4.459	4.452	4.080	3.756	3.368	2.608	1.900	1.695
	0.0018	7.59e+08	3.628	4.471	4.456	4.080	3.758	3.377	2.644	1.960	1.770
	0.0018	7.76e+08	3.649	4.499	4.481	4.100	3.775	3.392	2.660	1.976	1.786
	0.0018	7.94e+08	3.670	4.526	4.505	4.119	3.792	3.407	2.674	1.990	1.801
	0.0018	8.13e+08	3.693	4.554	4.531	4.140	3.810	3.424	2.691	2.008	1.820
	0.0018	8.32e+08	3.715	4.583	4.556	4.160	3.829	3.441	2.707	2.023	1.835
	0.0018	8.51e+08	3.736	4.610	4.581	4.181	3.847	3.458	2.722	2.038	1.851
	0.0018	8.71e+08	3.758	4.638	4.606	4.202	3.866	3.476	2.739	2.053	1.867
	0.0018	8.91e+08	3.780	4.664	4.630	4.224	3.887	3.496	2.757	2.070	1.883
	0.0018	9.12e+08	3.799	4.689	4.652	4.243	3.904	3.511	2.770	2.082	1.896
	0.0018	9.33e+08	3.822	4.715	4.676	4.265	3.925	3.531	2.789	2.100	1.913
	0.0018	9.55e+08	3.843	4.740	4.699	4.285	3.945	3.551	2.808	2.118	1.929
	0.0018	9.77e+08	3.868	4.765	4.723	4.307	3.967	3.574	2.832	2.143	1.952
	0.0018	1.00e+09	3.890	4.788	4.744	4.323	3.982	3.588	2.850	2.164	1.976
	0.0018	1.02e+09	3.909	4.812	4.765	4.340	3.996	3.601	2.864	2.178	1.989
	0.0018	1.05e+09	3.927	4.836	4.786	4.356	4.010	3.614	2.877	2.190	2.001
	0.0018	1.07e+09	3.945	4.859	4.808	4.372	4.024	3.627	2.890	2.203	2.013
	0.0018	1.10e+09	3.956	4.879	4.823	4.379	4.028	3.629	2.893	2.209	2.019
	0.0018	1.12e+09	3.967	4.899	4.839	4.387	4.033	3.632	2.897	2.216	2.028
	0.0018	1.15e+09	3.970	4.920	4.856	4.395	4.035	3.630	2.890	2.205	2.020
	0.0018	1.18e+09	3.985	4.941	4.875	4.407	4.044	3.638	2.900	2.217	2.033
	0.0018	1.20e+09	4.000	4.962	4.892	4.419	4.053	3.645	2.909	2.228	2.046
	0.0018	1.23e+09	4.010	4.979	4.906	4.426	4.057	3.648	2.913	2.235	2.055
	0.0018	1.26e+09	4.019	4.996	4.920	4.431	4.060	3.649	2.917	2.241	2.063
	0.0018	1.29e+09	4.021	5.008	4.928	4.430	4.054	3.641	2.911	2.238	2.063
	0.0018	1.32e+09	4.015	5.018	4.932	4.421	4.040	3.624	2.896	2.226	2.055
	0.0018	1.35e+09	4.006	5.025	4.933	4.408	4.021	3.603	2.876	2.210	2.043
	0.0018	1.38e+09	3.839	5.041	4.918	4.334	3.902	3.440	2.637	1.924	1.748
	0.0018	1.41e+09	3.869	5.086	4.966	4.384	3.953	3.486	2.667	1.940	1.755
	0.0018	1.45e+09	3.920	5.138	5.023	4.450	4.021	3.553	2.719	1.975	1.775
	0.0018	1.48e+09	3.947	5.162	5.044	4.466	4.037	3.571	2.745	2.010	1.812
	0.0018	1.51e+09	4.006	5.210	5.094	4.519	4.093	3.630	2.807	2.073	1.874
	0.0018	1.55e+09	4.075	5.262	5.149	4.581	4.160	3.701	2.883	2.152	1.951
	0.0018	1.59e+09	4.312	5.318	5.226	4.700	4.315	3.902	3.184	2.525	2.355
	0.0018	1.62e+09	4.353	5.340	5.248	4.716	4.332	3.924	3.229	2.590	2.434
	0.0018	1.66e+09	4.385	5.362	5.267	4.727	4.342	3.937	3.262	2.641	2.499
	0.0018	1.70e+09	4.427	5.388	5.294	4.751	4.366	3.966	3.307	2.703	2.572
	0.0018	1.74e+09	4.467	5.414	5.322	4.774	4.390	3.993	3.351	2.762	2.641
	0.0018	1.78e+09	4.506	5.441	5.350	4.799	4.415	4.022	3.392	2.818	2.705
	0.0018	1.82e+09	4.563	5.470	5.381	4.829	4.448	4.061	3.457	2.908	2.812
	0.0018	1.86e+09	4.576	5.493	5.404	4.845	4.461	4.072	3.464	2.914	2.819
	0.0018	1.91e+09	4.592	5.517	5.427	4.863	4.475	4.083	3.474	2.924	2.829
	0.0018	1.95e+09	4.608	5.540	5.451	4.881	4.490	4.096	3.485	2.933	2.838
	0.0018	2.00e+09	4.626	5.565	5.476	4.900	4.506	4.111	3.499	2.947	2.853
	0.0018	2.04e+09	4.645	5.590	5.502	4.921	4.524	4.127	3.513	2.960	2.867
	0.0018	2.09e+09	4.663	5.615	5.527	4.940	4.541	4.142	3.526	2.972	2.878
	0.0018	2.14e+09	4.682	5.640	5.553	4.961	4.559	4.158	3.541	2.985	2.892
	0.0018	2.19e+09	4.706	5.663	5.576	4.980	4.577	4.175	3.563	3.012	2.923
	0.0018	2.24e+09	4.720	5.685	5.597	4.996	4.590	4.187	3.573	3.021	2.932
	0.0018	2.29e+09	4.735	5.705	5.618	5.013	4.605	4.201	3.584	3.031	2.942
	0.0018	2.34e+09	4.748	5.722	5.637	5.029	4.619	4.213	3.595	3.042	2.952
	0.0018	2.40e+09	4.760	5.740	5.656	5.045	4.633	4.225	3.605	3.050	2.960
	0.0018	2.46e+09	4.775	5.761	5.677	5.062	4.649	4.240	3.618	3.062	2.973
	0.0018	2.51e+09	4.794	5.785	5.702	5.083	4.668	4.257	3.634	3.076	2.987
	0.0018	2.57e+09	4.818	5.810	5.729	5.109	4.693	4.282	3.658	3.100	3.010
	0.0018	2.63e+09	4.844	5.836	5.754	5.132	4.715	4.303	3.680	3.123	3.034
	0.0018	2.69e+09	4.863	5.857	5.774	5.149	4.731	4.319	3.697	3.142	3.055
	0.0018	2.75e+09	4.884	5.878	5.795	5.168	4.748	4.336	3.716	3.163	3.079
	0.0018	2.82e+09	4.902	5.898	5.814	5.185	4.764	4.352	3.732	3.180	3.097
	0.0018	2.88e+09	4.920	5.919	5.835	5.202	4.781	4.367	3.748	3.197	3.115
	0.0018	2.95e+09	4.938	5.941	5.856	5.221	4.797	4.383	3.763	3.212	3.132
	0.0018	3.02e+09	4.961	5.964	5.879	5.242	4.818	4.403	3.785	3.236	3.157
	0.0018	3.09e+09	4.981	5.986	5.900	5.260	4.835	4.420	3.803	3.254	3.176
	0.0018	3.16e+09	5.005	6.012	5.926	5.285	4.858	4.443	3.825	3.276	3.199
	0.0018	3.24e+09	5.027	6.037	5.953	5.312	4.885	4.469	3.848	3.296	3.218
	0.0018	3.31e+09	5.062	6.063	5.983	5.344	4.918	4.503	3.886	3.337	3.259
	0.0018	3.39e+09	5.082	6.084	6.005	5.363	4.936	4.520	3.904	3.356	3.279
	0.0018	3.47e+09	5.099	6.106	6.027	5.381	4.952	4.536	3.918	3.369	3.292
	0.0018	3.55e+09	5.115	6.128	6.049	5.400	4.969	4.551	3.932	3.383	3.306
	0.0018	3.63e+09	5.133	6.149	6.070	5.418	4.986	4.567	3.947	3.397	3.320
	0.0018	3.72e+09	5.151	6.170	6.091	5.436	5.003	4.583	3.962	3.412	3.335
	0.0018	3.80e+09	5.170	6.192	6.113	5.456	5.022	4.601	3.980	3.430	3.354
	0.0018	3.89e+09	5.189	6.214	6.134	5.475	5.039	4.618	3.996	3.446	3.370
	0.0018	3.98e+09	5.206	6.237	6.156	5.494	5.057	4.634	4.011	3.459	3.382
	0.0018	4.07e+09	5.229	6.264	6.184	5.518	5.080	4.656	4.032	3.479	3.403
	0.0018	4.17e+09	5.254	6.290	6.211	5.545	5.106	4.681	4.056	3.503	3.425
	0.0018	4.27e+09	5.272	6.312	6.233	5.564	5.124	4.699	4.072	3.519	3.441
	0.0018	4.37e+09	5.305	6.339	6.263	5.596	5.156	4.732	4.107	3.555	3.477
	0.0018	4.47e+09	5.322	6.360	6.284	5.614	5.173	4.747	4.122	3.570	3.492
	0.0018	4.57e+09	5.339	6.381	6.304	5.632	5.189	4.763	4.136	3.583	3.506
	0.0018	4.68e+09	5.357	6.402	6.326	5.650	5.207	4.780	4.153	3.600	3.523
	0.0018	4.79e+09	5.373	6.424	6.347	5.668	5.223	4.794	4.166	3.612	3.536
	0.0018	4.90e+09	5.390	6.446	6.368	5.686	5.240	4.810	4.181	3.627	3.550
	0.0018	5.01e+09	5.408	6.468	6.390	5.706	5.258	4.827	4.197	3.642	3.566
	0.0018	5.13e+09	5.425	6.490	6.411	5.724	5.274	4.843	4.212	3.656	3.580
	0.0018	5.25e+09	5.441	6.512	6.432	5.742	5.291	4.858	4.226	3.669	3.593
	0.0018	5.37e+09	5.464	6.538	6.458	5.766	5.314	4.881	4.248	3.691	3.614
	0.0018	5.50e+09	5.493	6.567	6.485	5.790	5.336	4.903	4.272	3.716	3.642
	0.0018	5.62e+09	5.511	6.588	6.506	5.809	5.354	4.920	4.289	3.733	3.659
	0.0018	5.76e+09	5.527	6.610	6.527	5.826	5.370	4.935	4.302	3.745	3.670
	0.0018	5.89e+09	5.543	6.632	6.548	5.844	5.386	4.950	4.316	3.758	3.684
	0.0018	6.03e+09	5.554	6.650	6.564	5.856	5.396	4.959	4.323	3.765	3.691
	0.0018	6.17e+09	5.555	6.670	6.578	5.862	5.399	4.958	4.318	3.756	3.681
	0.0018	6.31e+09	5.576	6.694	6.601	5.883	5.419	4.978	4.338	3.776	3.701
	0.0018	6.46e+09	5.592	6.718	6.623	5.902	5.436	4.993	4.351	3.787	3.712
	0.0018	6.61e+09	5.608	6.741	6.645	5.920	5.452	5.008	4.364	3.799	3.724
	0.0018	6.76e+09	5.627	6.766	6.668	5.940	5.471	5.026	4.380	3.814	3.739
	0.0018	6.92e+09	5.645	6.791	6.691	5.960	5.490	5.043	4.396	3.829	3.754
	0.0018	7.08e+09	5.664	6.816	6.714	5.980	5.508	5.061	4.413	3.845	3.769
	0.0018	7.25e+09	5.691	6.844	6.736	5.997	5.525	5.080	4.440	3.882	3.810
	0.0018	7.41e+09	5.710	6.868	6.760	6.018	5.544	5.098	4.457	3.898	3.826
	0.0018	7.59e+09	5.730	6.897	6.786	6.040	5.565	5.117	4.473	3.913	3.840
	0.0018	7.76e+09	5.749	6.922	6.810	6.061	5.584	5.136	4.491	3.930	3.857
	0.0018	7.94e+09	5.767	6.947	6.833	6.081	5.603	5.153	4.506	3.944	3.871
	0.0018	8.13e+09	5.787	6.973	6.857	6.102	5.623	5.172	4.524	3.960	3.887
	0.0018	8.32e+09	5.808	6.998	6.881	6.124	5.643	5.192	4.543	3.978	3.905
	0.0018	8.51e+09	5.827	7.025	6.905	6.146	5.664	5.211	4.561	3.995	3.921
	0.0018	8.71e+09	5.848	7.051	6.929	6.168	5.685	5.231	4.580	4.014	3.940
	0.0018	8.91e+09	5.867	7.076	6.953	6.188	5.704	5.249	4.596	4.028	3.954
	0.0018	9.12e+09	5.889	7.104	6.979	6.212	5.726	5.271	4.617	4.048	3.974
	0.0018	9.33e+09	5.908	7.131	7.003	6.233	5.746	5.289	4.633	4.064	3.989
	0.0018	9.55e+09	5.932	7.158	7.029	6.258	5.770	5.313	4.656	4.086	4.011
	0.0018	9.77e+09	5.951	7.182	7.053	6.280	5.791	5.333	4.675	4.103	4.028
	0.0018	1.00e+10	5.969	7.207	7.075	6.300	5.809	5.350	4.691	4.118	4.043
	0.0018	1.02e+10	5.990	7.232	7.099	6.321	5.830	5.370	4.710	4.137	4.061
	0.0018	1.05e+10	6.013	7.261	7.126	6.346	5.854	5.393	4.731	4.156	4.081
	0.0018	1.07e+10	6.056	7.292	7.162	6.386	5.895	5.436	4.777	4.206	4.130
	0.0018	1.10e+10	6.069	7.315	7.181	6.402	5.909	5.449	4.788	4.214	4.138
	0.0018	1.12e+10	6.090	7.337	7.203	6.423	5.930	5.469	4.808	4.236	4.160
	0.0018	1.15e+10	6.104	7.360	7.222	6.439	5.945	5.482	4.820	4.245	4.169
	0.0018	1.18e+10	6.119	7.382	7.242	6.456	5.960	5.497	4.833	4.257	4.181
	0.0018	1.20e+10	6.141	7.406	7.264	6.478	5.981	5.518	4.854	4.279	4.202
	0.0018	1.23e+10	6.156	7.429	7.285	6.495	5.997	5.533	4.867	4.291	4.214
	0.0018	1.26e+10	6.171	7.452	7.304	6.512	6.013	5.547	4.880	4.302	4.225
	0.0018	1.29e+10	6.189	7.475	7.325	6.531	6.031	5.565	4.896	4.319	4.241
	0.0018	1.32e+10	6.206	7.499	7.346	6.549	6.048	5.581	4.911	4.332	4.254
