# File generated by CMD 2.7 (http://stev.oapd.inaf.it/cmd) on Tue Jun 16 09:43:51 CEST 2015
# Basic reference: Marigo et al. (2008, A&A 482, 883) 
# but applying the corrections from Case A in Girardi et al. (2010, ApJ 724, 1030) 
# + Bertelli et al. (1994, A&AS, 106, 275) for the Mi>7.0 Msun interval
# Photometric system: <i>UBVRIJHK</i> (cf. Maiz-Apellaniz 2006 + Bessell 1990)
# Using OBC version of bolometric corrections as detailed in Marigo et al. (2008, A&A 482, 883) and Girardi et al. (2008, PASP 120, 583)
# BCs of Carbon stars derive from Loidl et al. (2001, A&A 342, 531)
# O-rich circumstellar dust ignored
# C-rich circumstellar dust ignored
# IMF: Kroupa (2001, 2002) + Kroupa et al. (2013) canonical two-part-power law IMF corrected for unresolved binaries 
# Kind of output: SSP integrated magnitudes
#	Z	Age		mbol    U       B       V       R       I       J       H       K
	0.0090	3.98e+06	-2.488	-0.994	-0.079	0.108	0.176	0.266	0.471	0.511	0.559
	0.0090	4.07e+06	-2.448	-0.987	-0.076	0.112	0.182	0.275	0.490	0.536	0.587
	0.0090	4.17e+06	-2.401	-0.964	-0.055	0.135	0.208	0.304	0.528	0.579	0.632
	0.0090	4.27e+06	-2.353	-0.944	-0.037	0.156	0.230	0.329	0.560	0.615	0.671
	0.0090	4.37e+06	-2.313	-0.924	-0.018	0.176	0.252	0.353	0.589	0.647	0.705
	0.0090	4.47e+06	-2.272	-0.904	-0.000	0.195	0.271	0.373	0.613	0.673	0.732
	0.0090	4.57e+06	-2.229	-0.882	0.016	0.211	0.287	0.389	0.629	0.689	0.748
	0.0090	4.68e+06	-2.185	-0.861	0.031	0.223	0.297	0.397	0.632	0.690	0.748
	0.0090	4.79e+06	-2.138	-0.836	0.051	0.237	0.307	0.402	0.624	0.674	0.727
	0.0090	4.90e+06	-2.091	-0.810	0.075	0.253	0.314	0.398	0.596	0.625	0.671
	0.0090	5.01e+06	-2.043	-0.781	0.110	0.288	0.346	0.425	0.598	0.582	0.618
	0.0090	5.13e+06	-1.996	-0.737	0.138	0.292	0.329	0.378	0.479	0.413	0.432
	0.0090	5.25e+06	-1.948	-0.714	0.120	0.258	0.285	0.320	0.395	0.319	0.333
	0.0090	5.37e+06	-1.897	-0.653	0.168	0.296	0.314	0.337	0.385	0.292	0.300
	0.0090	5.50e+06	-1.857	-0.639	0.144	0.257	0.265	0.276	0.297	0.195	0.199
	0.0090	5.62e+06	-1.826	-0.646	0.097	0.192	0.189	0.186	0.184	0.073	0.073
	0.0090	5.75e+06	-1.793	-0.647	0.055	0.128	0.113	0.094	0.065	-0.055	-0.060
	0.0090	5.89e+06	-1.759	-0.640	0.019	0.069	0.039	0.002	-0.058	-0.190	-0.199
	0.0090	6.03e+06	-1.724	-0.622	-0.004	0.017	-0.031	-0.090	-0.186	-0.332	-0.348
	0.0090	6.17e+06	-1.688	-0.592	-0.012	-0.024	-0.096	-0.180	-0.318	-0.485	-0.507
	0.0090	6.31e+06	-1.651	-0.545	0.003	-0.052	-0.154	-0.268	-0.455	-0.651	-0.679
	0.0090	6.46e+06	-1.614	-0.477	0.042	-0.062	-0.199	-0.348	-0.590	-0.823	-0.858
	0.0090	6.61e+06	-1.575	-0.394	0.122	-0.022	-0.187	-0.365	-0.655	-0.920	-0.961
	0.0090	6.76e+06	-1.534	-0.293	0.240	0.046	-0.152	-0.360	-0.693	-0.984	-1.030
	0.0090	6.92e+06	-1.492	-0.215	0.371	0.157	-0.068	-0.301	-0.683	-1.019	-1.069
	0.0090	7.08e+06	-1.455	-0.192	0.409	0.218	0.003	-0.224	-0.609	-0.958	-1.008
	0.0090	7.24e+06	-1.423	-0.181	0.414	0.240	0.035	-0.183	-0.560	-0.907	-0.957
	0.0090	7.41e+06	-1.390	-0.170	0.421	0.263	0.068	-0.141	-0.511	-0.858	-0.908
	0.0090	7.59e+06	-1.358	-0.159	0.427	0.287	0.103	-0.099	-0.462	-0.810	-0.861
	0.0090	7.76e+06	-1.326	-0.147	0.436	0.312	0.139	-0.055	-0.413	-0.765	-0.816
	0.0090	7.94e+06	-1.295	-0.134	0.447	0.339	0.176	-0.011	-0.365	-0.721	-0.773
	0.0090	8.13e+06	-1.262	-0.119	0.462	0.369	0.213	0.033	-0.319	-0.680	-0.733
	0.0090	8.32e+06	-1.228	-0.101	0.481	0.400	0.252	0.077	-0.274	-0.642	-0.696
	0.0090	8.51e+06	-1.194	-0.082	0.505	0.435	0.292	0.122	-0.230	-0.606	-0.662
	0.0090	8.71e+06	-1.159	-0.060	0.533	0.472	0.334	0.167	-0.187	-0.572	-0.630
	0.0090	8.91e+06	-1.124	-0.034	0.567	0.513	0.378	0.212	-0.146	-0.542	-0.602
	0.0090	9.12e+06	-1.086	-0.006	0.604	0.557	0.424	0.258	-0.106	-0.514	-0.577
	0.0090	9.33e+06	-1.048	0.024	0.646	0.604	0.472	0.305	-0.068	-0.491	-0.556
	0.0090	9.55e+06	-1.009	0.057	0.690	0.655	0.524	0.355	-0.030	-0.470	-0.540
	0.0090	9.77e+06	-0.969	0.091	0.736	0.709	0.579	0.408	0.007	-0.454	-0.528
	0.0090	1.00e+07	-0.927	0.122	0.790	0.799	0.689	0.531	0.122	-0.377	-0.463
	0.0090	1.02e+07	-0.881	0.193	0.878	0.881	0.762	0.590	0.154	-0.366	-0.455
	0.0090	1.05e+07	-0.834	0.259	0.971	0.980	0.861	0.685	0.235	-0.303	-0.395
	0.0090	1.07e+07	-0.799	0.283	0.995	1.012	0.903	0.741	0.316	-0.207	-0.297
	0.0090	1.10e+07	-0.769	0.306	1.016	1.032	0.922	0.759	0.332	-0.192	-0.283
	0.0090	1.12e+07	-0.739	0.330	1.036	1.051	0.941	0.777	0.348	-0.178	-0.269
	0.0090	1.15e+07	-0.710	0.352	1.056	1.071	0.960	0.796	0.365	-0.164	-0.256
	0.0090	1.17e+07	-0.681	0.375	1.075	1.091	0.980	0.815	0.382	-0.150	-0.243
	0.0090	1.20e+07	-0.652	0.398	1.095	1.111	1.001	0.835	0.399	-0.136	-0.230
	0.0090	1.23e+07	-0.621	0.421	1.116	1.132	1.022	0.856	0.415	-0.124	-0.218
	0.0090	1.26e+07	-0.590	0.445	1.137	1.155	1.044	0.877	0.432	-0.111	-0.205
	0.0090	1.29e+07	-0.560	0.469	1.159	1.177	1.066	0.897	0.449	-0.099	-0.194
	0.0090	1.32e+07	-0.529	0.493	1.183	1.201	1.089	0.918	0.465	-0.087	-0.183
	0.0090	1.35e+07	-0.497	0.519	1.209	1.226	1.113	0.940	0.482	-0.075	-0.171
	0.0090	1.38e+07	-0.464	0.547	1.236	1.253	1.138	0.962	0.498	-0.063	-0.161
	0.0090	1.41e+07	-0.430	0.575	1.265	1.280	1.164	0.985	0.515	-0.052	-0.150
	0.0090	1.45e+07	-0.395	0.606	1.295	1.309	1.190	1.009	0.532	-0.040	-0.139
	0.0090	1.48e+07	-0.358	0.631	1.326	1.350	1.244	1.077	0.626	0.069	-0.028
	0.0090	1.51e+07	-0.319	0.675	1.371	1.396	1.289	1.122	0.670	0.111	0.014
	0.0090	1.55e+07	-0.279	0.718	1.420	1.448	1.344	1.179	0.731	0.172	0.075
	0.0090	1.58e+07	-0.251	0.740	1.436	1.461	1.354	1.188	0.736	0.176	0.079
	0.0090	1.62e+07	-0.223	0.762	1.452	1.474	1.365	1.196	0.741	0.180	0.083
	0.0090	1.66e+07	-0.194	0.784	1.468	1.487	1.377	1.205	0.747	0.185	0.088
	0.0090	1.70e+07	-0.165	0.807	1.485	1.501	1.388	1.214	0.753	0.189	0.092
	0.0090	1.74e+07	-0.137	0.829	1.501	1.514	1.399	1.223	0.759	0.195	0.097
	0.0090	1.78e+07	-0.109	0.851	1.518	1.528	1.411	1.232	0.765	0.200	0.102
	0.0090	1.82e+07	-0.081	0.874	1.535	1.542	1.422	1.242	0.771	0.205	0.107
	0.0090	1.86e+07	-0.053	0.896	1.551	1.555	1.434	1.251	0.778	0.210	0.113
	0.0090	1.91e+07	-0.025	0.919	1.568	1.569	1.446	1.261	0.784	0.216	0.118
	0.0090	1.95e+07	0.003	0.942	1.585	1.583	1.458	1.270	0.791	0.221	0.124
	0.0090	2.00e+07	0.031	0.965	1.603	1.598	1.470	1.280	0.798	0.228	0.130
	0.0090	2.04e+07	0.060	0.989	1.620	1.613	1.483	1.291	0.806	0.234	0.136
	0.0090	2.09e+07	0.089	1.013	1.638	1.627	1.495	1.301	0.813	0.240	0.142
	0.0090	2.14e+07	0.118	1.037	1.656	1.642	1.508	1.312	0.820	0.246	0.149
	0.0090	2.19e+07	0.147	1.062	1.675	1.658	1.521	1.322	0.828	0.253	0.156
	0.0090	2.24e+07	0.177	1.087	1.693	1.673	1.535	1.334	0.836	0.260	0.163
	0.0090	2.29e+07	0.206	1.112	1.712	1.689	1.549	1.345	0.845	0.267	0.170
	0.0090	2.34e+07	0.236	1.138	1.731	1.705	1.562	1.356	0.853	0.274	0.177
	0.0090	2.40e+07	0.266	1.164	1.751	1.722	1.576	1.368	0.861	0.282	0.184
	0.0090	2.45e+07	0.296	1.190	1.771	1.738	1.591	1.380	0.870	0.289	0.191
	0.0090	2.51e+07	0.326	1.216	1.791	1.755	1.605	1.392	0.879	0.297	0.199
	0.0090	2.57e+07	0.356	1.242	1.811	1.772	1.620	1.404	0.887	0.304	0.206
	0.0090	2.63e+07	0.386	1.269	1.831	1.789	1.634	1.416	0.897	0.312	0.215
	0.0090	2.69e+07	0.416	1.296	1.852	1.806	1.649	1.429	0.906	0.320	0.222
	0.0090	2.75e+07	0.447	1.323	1.874	1.824	1.665	1.441	0.915	0.328	0.230
	0.0090	2.82e+07	0.479	1.352	1.896	1.843	1.681	1.455	0.925	0.336	0.239
	0.0090	2.88e+07	0.510	1.380	1.918	1.862	1.697	1.468	0.935	0.345	0.247
	0.0090	2.95e+07	0.542	1.409	1.942	1.881	1.714	1.482	0.945	0.353	0.255
	0.0090	3.02e+07	0.575	1.440	1.966	1.901	1.731	1.496	0.955	0.363	0.264
	0.0090	3.09e+07	0.609	1.471	1.992	1.922	1.749	1.511	0.966	0.371	0.273
	0.0090	3.16e+07	0.643	1.503	2.018	1.944	1.767	1.526	0.977	0.381	0.282
	0.0090	3.24e+07	0.680	1.533	2.045	1.973	1.799	1.562	1.022	0.432	0.335
	0.0090	3.31e+07	0.719	1.559	2.071	2.008	1.845	1.620	1.100	0.522	0.427
	0.0090	3.39e+07	0.759	1.603	2.128	2.065	1.901	1.675	1.151	0.569	0.474
	0.0090	3.47e+07	0.792	1.623	2.147	2.090	1.932	1.714	1.203	0.630	0.536
	0.0090	3.55e+07	0.819	1.640	2.159	2.102	1.946	1.730	1.225	0.656	0.563
	0.0090	3.63e+07	0.845	1.657	2.171	2.114	1.960	1.746	1.246	0.681	0.590
	0.0090	3.72e+07	0.871	1.674	2.183	2.127	1.973	1.762	1.268	0.707	0.616
	0.0090	3.80e+07	0.898	1.692	2.195	2.139	1.987	1.778	1.289	0.733	0.643
	0.0090	3.89e+07	0.924	1.709	2.208	2.152	2.001	1.795	1.311	0.759	0.670
	0.0090	3.98e+07	0.951	1.726	2.220	2.164	2.015	1.811	1.333	0.785	0.697
	0.0090	4.07e+07	0.977	1.743	2.232	2.177	2.029	1.827	1.354	0.811	0.724
	0.0090	4.17e+07	1.004	1.761	2.245	2.190	2.044	1.844	1.376	0.836	0.750
	0.0090	4.27e+07	1.031	1.779	2.258	2.203	2.058	1.860	1.398	0.862	0.777
	0.0090	4.37e+07	1.058	1.797	2.272	2.217	2.073	1.877	1.419	0.888	0.804
	0.0090	4.47e+07	1.085	1.815	2.285	2.230	2.088	1.894	1.441	0.914	0.831
	0.0090	4.57e+07	1.112	1.833	2.298	2.244	2.103	1.911	1.463	0.940	0.858
	0.0090	4.68e+07	1.140	1.851	2.312	2.257	2.117	1.928	1.484	0.966	0.884
	0.0090	4.79e+07	1.167	1.869	2.326	2.271	2.133	1.945	1.506	0.992	0.911
	0.0090	4.90e+07	1.194	1.888	2.339	2.285	2.148	1.962	1.528	1.017	0.938
	0.0090	5.01e+07	1.222	1.907	2.354	2.299	2.163	1.979	1.550	1.044	0.965
	0.0090	5.13e+07	1.250	1.926	2.368	2.314	2.179	1.997	1.572	1.070	0.992
	0.0090	5.25e+07	1.278	1.945	2.383	2.329	2.195	2.015	1.594	1.096	1.019
	0.0090	5.37e+07	1.308	1.963	2.397	2.346	2.216	2.041	1.631	1.141	1.066
	0.0090	5.50e+07	1.337	1.984	2.415	2.365	2.236	2.064	1.659	1.174	1.099
	0.0090	5.62e+07	1.367	2.008	2.437	2.386	2.258	2.086	1.684	1.201	1.127
	0.0090	5.75e+07	1.395	2.028	2.451	2.400	2.273	2.102	1.705	1.227	1.154
	0.0090	5.89e+07	1.421	2.048	2.465	2.412	2.285	2.116	1.721	1.246	1.173
	0.0090	6.03e+07	1.447	2.068	2.480	2.425	2.298	2.129	1.736	1.264	1.193
	0.0090	6.17e+07	1.474	2.088	2.494	2.438	2.311	2.142	1.752	1.283	1.211
	0.0090	6.31e+07	1.501	2.109	2.509	2.452	2.324	2.156	1.768	1.301	1.231
	0.0090	6.46e+07	1.528	2.130	2.525	2.465	2.338	2.169	1.783	1.320	1.250
	0.0090	6.61e+07	1.555	2.151	2.540	2.479	2.351	2.183	1.799	1.338	1.269
	0.0090	6.76e+07	1.582	2.172	2.557	2.494	2.365	2.197	1.814	1.356	1.287
	0.0090	6.92e+07	1.610	2.195	2.573	2.508	2.379	2.211	1.830	1.375	1.306
	0.0090	7.08e+07	1.638	2.217	2.590	2.523	2.393	2.225	1.846	1.393	1.325
	0.0090	7.24e+07	1.667	2.239	2.607	2.539	2.410	2.244	1.868	1.420	1.353
	0.0090	7.41e+07	1.696	2.260	2.624	2.556	2.428	2.264	1.894	1.452	1.386
	0.0090	7.59e+07	1.724	2.284	2.645	2.575	2.447	2.282	1.915	1.476	1.410
	0.0090	7.76e+07	1.754	2.309	2.668	2.597	2.468	2.303	1.937	1.499	1.434
	0.0090	7.94e+07	1.781	2.330	2.684	2.611	2.483	2.319	1.957	1.524	1.460
	0.0090	8.13e+07	1.806	2.350	2.700	2.624	2.495	2.331	1.970	1.539	1.475
	0.0090	8.32e+07	1.831	2.371	2.716	2.638	2.508	2.343	1.983	1.554	1.490
	0.0090	8.51e+07	1.857	2.392	2.732	2.652	2.521	2.356	1.996	1.569	1.505
	0.0090	8.71e+07	1.883	2.413	2.749	2.666	2.534	2.368	2.009	1.583	1.520
	0.0090	8.91e+07	1.909	2.435	2.766	2.681	2.547	2.381	2.022	1.598	1.535
	0.0090	9.12e+07	1.935	2.457	2.783	2.695	2.560	2.393	2.034	1.612	1.549
	0.0090	9.33e+07	1.961	2.479	2.801	2.710	2.574	2.406	2.047	1.625	1.563
	0.0090	9.55e+07	1.987	2.501	2.819	2.725	2.588	2.419	2.059	1.639	1.576
	0.0090	9.77e+07	2.014	2.524	2.837	2.741	2.602	2.432	2.072	1.653	1.590
	0.0090	1.00e+08	2.041	2.547	2.856	2.756	2.616	2.445	2.084	1.665	1.603
	0.0090	1.02e+08	2.067	2.570	2.875	2.772	2.630	2.458	2.097	1.679	1.616
	0.0090	1.05e+08	2.094	2.593	2.894	2.788	2.645	2.471	2.109	1.692	1.629
	0.0090	1.07e+08	2.121	2.616	2.913	2.805	2.661	2.486	2.125	1.708	1.646
	0.0090	1.10e+08	2.147	2.639	2.932	2.822	2.676	2.501	2.140	1.724	1.662
	0.0090	1.12e+08	2.175	2.666	2.958	2.842	2.693	2.515	2.150	1.733	1.670
	0.0090	1.15e+08	2.202	2.691	2.981	2.861	2.710	2.530	2.163	1.745	1.683
	0.0090	1.17e+08	2.173	2.714	3.000	2.875	2.714	2.498	1.919	1.346	1.232
	0.0090	1.20e+08	2.194	2.736	3.018	2.891	2.728	2.508	1.914	1.332	1.216
	0.0090	1.23e+08	2.215	2.759	3.037	2.906	2.741	2.518	1.909	1.319	1.201
	0.0090	1.26e+08	2.236	2.781	3.055	2.922	2.755	2.528	1.906	1.309	1.188
	0.0090	1.29e+08	2.257	2.804	3.073	2.937	2.769	2.539	1.904	1.300	1.178
	0.0090	1.32e+08	2.278	2.827	3.092	2.953	2.783	2.550	1.900	1.288	1.163
	0.0090	1.35e+08	2.299	2.850	3.110	2.970	2.799	2.563	1.900	1.281	1.154
	0.0090	1.38e+08	2.321	2.872	3.128	2.987	2.815	2.576	1.901	1.275	1.146
	0.0090	1.41e+08	2.343	2.904	3.158	3.010	2.833	2.586	1.892	1.257	1.126
	0.0090	1.45e+08	2.365	2.932	3.183	3.031	2.851	2.598	1.890	1.248	1.116
	0.0090	1.48e+08	2.386	2.957	3.203	3.050	2.868	2.612	1.887	1.237	1.102
	0.0090	1.51e+08	2.413	2.980	3.221	3.067	2.885	2.629	1.908	1.261	1.126
	0.0090	1.55e+08	2.432	3.003	3.239	3.082	2.898	2.639	1.905	1.251	1.115
	0.0090	1.59e+08	2.452	3.027	3.257	3.098	2.912	2.651	1.904	1.246	1.108
	0.0090	1.62e+08	2.472	3.051	3.276	3.113	2.926	2.661	1.903	1.239	1.099
	0.0090	1.66e+08	2.493	3.075	3.294	3.129	2.941	2.672	1.903	1.235	1.094
	0.0090	1.70e+08	2.513	3.099	3.313	3.146	2.955	2.684	1.903	1.230	1.088
	0.0090	1.74e+08	2.531	3.123	3.331	3.162	2.970	2.696	1.901	1.221	1.077
	0.0090	1.78e+08	2.551	3.146	3.350	3.179	2.986	2.709	1.902	1.218	1.072
	0.0090	1.82e+08	2.571	3.174	3.373	3.199	3.004	2.722	1.902	1.210	1.064
	0.0090	1.86e+08	2.593	3.206	3.400	3.223	3.025	2.737	1.902	1.204	1.056
	0.0090	1.91e+08	2.612	3.232	3.420	3.242	3.042	2.751	1.898	1.194	1.044
	0.0090	1.95e+08	2.632	3.260	3.443	3.262	3.061	2.766	1.898	1.188	1.036
	0.0090	2.00e+08	2.665	3.285	3.462	3.280	3.079	2.787	1.939	1.236	1.087
	0.0090	2.04e+08	2.684	3.310	3.480	3.296	3.093	2.797	1.939	1.233	1.083
	0.0090	2.09e+08	2.703	3.335	3.499	3.312	3.108	2.808	1.941	1.230	1.080
	0.0090	2.14e+08	2.722	3.361	3.518	3.328	3.122	2.819	1.942	1.228	1.077
	0.0090	2.19e+08	2.741	3.387	3.537	3.345	3.137	2.829	1.942	1.224	1.071
	0.0090	2.24e+08	2.759	3.413	3.556	3.362	3.152	2.841	1.943	1.220	1.067
	0.0090	2.29e+08	2.777	3.439	3.576	3.379	3.166	2.852	1.944	1.218	1.064
	0.0090	2.34e+08	2.795	3.465	3.595	3.396	3.182	2.864	1.945	1.215	1.059
	0.0090	2.40e+08	2.813	3.490	3.614	3.413	3.199	2.877	1.947	1.213	1.056
	0.0090	2.45e+08	2.831	3.517	3.635	3.433	3.216	2.890	1.947	1.208	1.050
	0.0090	2.51e+08	2.849	3.544	3.655	3.450	3.229	2.898	1.959	1.216	1.054
	0.0090	2.57e+08	2.866	3.571	3.676	3.467	3.244	2.908	1.964	1.218	1.053
	0.0090	2.63e+08	2.884	3.597	3.696	3.485	3.259	2.919	1.972	1.222	1.055
	0.0090	2.69e+08	2.902	3.624	3.716	3.505	3.278	2.933	1.973	1.218	1.050
	0.0090	2.75e+08	2.919	3.652	3.739	3.526	3.298	2.949	1.974	1.214	1.044
	0.0090	2.82e+08	2.957	3.678	3.758	3.544	3.318	2.976	2.026	1.273	1.103
	0.0090	2.88e+08	2.973	3.704	3.777	3.557	3.326	2.981	2.041	1.286	1.109
	0.0090	2.95e+08	2.990	3.730	3.796	3.570	3.333	2.985	2.060	1.304	1.120
	0.0090	3.02e+08	3.006	3.757	3.816	3.588	3.349	2.999	2.061	1.299	1.112
	0.0090	3.09e+08	3.022	3.783	3.834	3.598	3.351	2.995	2.092	1.331	1.133
	0.0090	3.16e+08	3.038	3.810	3.855	3.615	3.367	3.008	2.094	1.328	1.127
	0.0090	3.24e+08	3.055	3.837	3.874	3.629	3.373	3.009	2.119	1.351	1.141
	0.0090	3.31e+08	3.071	3.864	3.896	3.647	3.389	3.021	2.123	1.349	1.135
	0.0090	3.39e+08	3.088	3.892	3.917	3.666	3.407	3.035	2.129	1.349	1.131
	0.0090	3.47e+08	3.104	3.918	3.938	3.684	3.423	3.048	2.133	1.348	1.127
	0.0090	3.55e+08	3.119	3.945	3.958	3.699	3.434	3.054	2.149	1.360	1.133
	0.0090	3.63e+08	3.136	3.973	3.979	3.718	3.450	3.066	2.153	1.361	1.130
	0.0090	3.72e+08	3.151	4.000	4.001	3.736	3.465	3.078	2.157	1.360	1.126
	0.0090	3.80e+08	3.167	4.027	4.021	3.752	3.478	3.086	2.168	1.367	1.129
	0.0090	3.89e+08	3.181	4.053	4.041	3.768	3.492	3.097	2.172	1.367	1.125
	0.0090	3.98e+08	3.196	4.080	4.062	3.786	3.507	3.108	2.176	1.368	1.123
	0.0090	4.07e+08	3.211	4.107	4.083	3.803	3.521	3.119	2.180	1.369	1.120
	0.0090	4.17e+08	3.225	4.135	4.105	3.820	3.535	3.129	2.184	1.370	1.119
	0.0090	4.27e+08	3.250	4.162	4.127	3.838	3.553	3.147	2.205	1.393	1.141
	0.0090	4.37e+08	3.264	4.189	4.148	3.854	3.566	3.157	2.209	1.395	1.143
	0.0090	4.47e+08	3.279	4.216	4.169	3.871	3.580	3.167	2.213	1.398	1.145
	0.0090	4.57e+08	3.294	4.243	4.191	3.887	3.593	3.177	2.217	1.400	1.147
	0.0090	4.68e+08	3.309	4.271	4.213	3.904	3.607	3.187	2.223	1.404	1.151
	0.0090	4.79e+08	3.323	4.299	4.235	3.921	3.620	3.197	2.227	1.406	1.153
	0.0090	4.90e+08	3.339	4.326	4.257	3.934	3.626	3.199	2.249	1.429	1.170
	0.0090	5.01e+08	3.354	4.354	4.280	3.951	3.640	3.210	2.254	1.432	1.173
	0.0090	5.13e+08	3.369	4.383	4.304	3.969	3.654	3.220	2.259	1.436	1.176
	0.0090	5.25e+08	3.382	4.411	4.327	3.985	3.665	3.228	2.268	1.443	1.181
	0.0090	5.37e+08	3.398	4.438	4.350	4.003	3.681	3.240	2.276	1.449	1.187
	0.0090	5.50e+08	3.413	4.466	4.374	4.020	3.695	3.251	2.282	1.454	1.191
	0.0090	5.62e+08	3.427	4.493	4.397	4.038	3.709	3.261	2.288	1.458	1.195
	0.0090	5.76e+08	3.441	4.521	4.420	4.054	3.720	3.270	2.298	1.468	1.202
	0.0090	5.89e+08	3.455	4.549	4.444	4.071	3.734	3.280	2.304	1.472	1.206
	0.0090	6.03e+08	3.468	4.576	4.468	4.088	3.747	3.289	2.310	1.476	1.210
	0.0090	6.17e+08	3.481	4.603	4.491	4.105	3.759	3.299	2.315	1.480	1.213
	0.0090	6.31e+08	3.494	4.630	4.515	4.121	3.772	3.308	2.321	1.484	1.218
	0.0090	6.46e+08	3.508	4.658	4.539	4.138	3.785	3.318	2.327	1.489	1.222
	0.0090	6.61e+08	3.521	4.686	4.564	4.155	3.797	3.327	2.332	1.494	1.226
	0.0090	6.76e+08	3.532	4.714	4.589	4.172	3.809	3.335	2.336	1.496	1.228
	0.0090	6.92e+08	3.545	4.742	4.614	4.189	3.821	3.343	2.341	1.500	1.232
	0.0090	7.08e+08	3.538	4.770	4.639	4.204	3.829	3.342	2.316	1.468	1.200
	0.0090	7.25e+08	3.560	4.798	4.666	4.224	3.846	3.358	2.335	1.489	1.222
	0.0090	7.41e+08	3.584	4.826	4.692	4.244	3.864	3.375	2.357	1.513	1.247
	0.0090	7.59e+08	3.605	4.853	4.718	4.262	3.879	3.390	2.376	1.534	1.270
	0.0090	7.76e+08	3.626	4.881	4.744	4.282	3.895	3.405	2.396	1.555	1.291
	0.0090	7.94e+08	3.649	4.909	4.770	4.301	3.911	3.421	2.417	1.579	1.316
	0.0090	8.13e+08	3.671	4.937	4.797	4.320	3.928	3.436	2.437	1.601	1.339
	0.0090	8.32e+08	3.694	4.965	4.824	4.340	3.944	3.452	2.457	1.623	1.363
	0.0090	8.51e+08	3.717	4.993	4.852	4.359	3.960	3.468	2.478	1.646	1.387
	0.0090	8.71e+08	3.738	5.020	4.879	4.379	3.975	3.482	2.497	1.667	1.409
	0.0090	8.91e+08	3.762	5.048	4.906	4.398	3.992	3.498	2.519	1.693	1.436
	0.0090	9.12e+08	3.784	5.076	4.933	4.416	4.007	3.513	2.539	1.715	1.460
	0.0090	9.33e+08	3.807	5.103	4.960	4.435	4.023	3.529	2.561	1.741	1.488
	0.0090	9.55e+08	3.830	5.131	4.988	4.458	4.045	3.550	2.570	1.751	1.503
	0.0090	9.77e+08	3.851	5.159	5.014	4.476	4.059	3.563	2.588	1.773	1.526
	0.0090	1.00e+09	3.859	5.187	5.041	4.496	4.074	3.574	2.573	1.756	1.517
	0.0090	1.02e+09	3.877	5.216	5.069	4.515	4.090	3.587	2.586	1.770	1.533
	0.0090	1.05e+09	3.895	5.244	5.097	4.535	4.106	3.600	2.601	1.786	1.550
	0.0090	1.07e+09	3.914	5.272	5.124	4.555	4.122	3.614	2.616	1.801	1.567
	0.0090	1.10e+09	3.934	5.299	5.152	4.576	4.139	3.630	2.633	1.819	1.586
	0.0090	1.12e+09	3.946	5.324	5.174	4.588	4.146	3.635	2.640	1.829	1.600
	0.0090	1.15e+09	3.957	5.349	5.195	4.597	4.150	3.637	2.646	1.838	1.611
	0.0090	1.18e+09	3.965	5.373	5.214	4.604	4.152	3.636	2.650	1.845	1.622
	0.0090	1.20e+09	3.970	5.396	5.232	4.609	4.150	3.632	2.649	1.847	1.627
	0.0090	1.23e+09	3.974	5.418	5.248	4.610	4.145	3.625	2.647	1.849	1.634
	0.0090	1.26e+09	3.973	5.440	5.261	4.608	4.135	3.613	2.639	1.845	1.634
	0.0090	1.29e+09	3.966	5.461	5.272	4.600	4.120	3.594	2.625	1.835	1.629
	0.0090	1.32e+09	3.974	5.482	5.286	4.604	4.118	3.592	2.629	1.842	1.640
	0.0090	1.35e+09	3.979	5.502	5.300	4.605	4.115	3.588	2.631	1.848	1.649
	0.0090	1.38e+09	3.982	5.521	5.311	4.603	4.108	3.580	2.629	1.852	1.657
	0.0090	1.41e+09	3.944	5.530	5.293	4.555	4.050	3.521	2.583	1.815	1.627
	0.0090	1.45e+09	2.596	3.943	3.965	3.457	3.006	2.467	1.439	0.613	0.399
	0.0090	1.48e+09	1.985	2.871	2.681	2.212	1.862	1.507	0.903	0.388	0.286
	0.0090	1.51e+09	2.761	3.858	3.630	3.076	2.676	2.273	1.574	0.983	0.859
	0.0090	1.55e+09	3.127	4.169	3.966	3.450	3.068	2.668	1.945	1.330	1.194
	0.0090	1.59e+09	4.649	5.755	5.621	4.981	4.550	4.136	3.488	2.908	2.825
	0.0090	1.62e+09	4.363	5.850	5.680	4.989	4.499	3.970	3.000	2.222	2.039
	0.0090	1.66e+09	4.385	5.881	5.710	5.018	4.529	4.000	2.999	2.220	2.044
	0.0090	1.70e+09	4.412	5.912	5.741	5.044	4.553	4.022	3.025	2.248	2.074
	0.0090	1.74e+09	4.438	5.944	5.773	5.072	4.578	4.044	3.050	2.273	2.101
	0.0090	1.78e+09	4.468	5.977	5.806	5.101	4.605	4.069	3.079	2.304	2.133
	0.0090	1.82e+09	4.532	6.009	5.839	5.134	4.642	4.118	3.156	2.392	2.225
	0.0090	1.86e+09	4.555	6.039	5.867	5.157	4.662	4.137	3.178	2.416	2.250
	0.0090	1.91e+09	4.593	6.071	5.902	5.196	4.707	4.187	3.193	2.432	2.273
	0.0090	1.95e+09	4.613	6.099	5.928	5.216	4.724	4.203	3.213	2.453	2.295
	0.0090	2.00e+09	4.633	6.127	5.953	5.235	4.741	4.219	3.232	2.473	2.315
	0.0090	2.04e+09	4.653	6.155	5.979	5.255	4.759	4.234	3.253	2.495	2.338
	0.0090	2.09e+09	4.674	6.184	6.005	5.276	4.777	4.251	3.274	2.517	2.361
	0.0090	2.14e+09	4.695	6.213	6.032	5.298	4.796	4.268	3.295	2.538	2.383
	0.0090	2.19e+09	4.725	6.241	6.058	5.320	4.818	4.291	3.327	2.573	2.419
	0.0090	2.24e+09	4.739	6.268	6.081	5.338	4.832	4.304	3.339	2.585	2.431
	0.0090	2.29e+09	4.754	6.297	6.106	5.356	4.848	4.317	3.352	2.598	2.444
	0.0090	2.34e+09	4.768	6.326	6.130	5.374	4.862	4.329	3.364	2.609	2.456
	0.0090	2.40e+09	4.780	6.355	6.155	5.394	4.882	4.349	3.358	2.602	2.454
	0.0090	2.46e+09	4.786	6.383	6.176	5.407	4.890	4.352	3.360	2.603	2.455
	0.0090	2.51e+09	4.803	6.412	6.201	5.426	4.906	4.366	3.374	2.617	2.470
	0.0090	2.57e+09	4.818	6.440	6.225	5.445	4.923	4.379	3.387	2.630	2.484
	0.0090	2.63e+09	4.845	6.471	6.252	5.467	4.944	4.403	3.415	2.659	2.515
	0.0090	2.69e+09	4.866	6.504	6.282	5.496	4.972	4.428	3.423	2.665	2.524
	0.0090	2.75e+09	4.890	6.530	6.306	5.518	4.993	4.448	3.447	2.690	2.551
	0.0090	2.82e+09	4.909	6.554	6.328	5.538	5.013	4.466	3.465	2.708	2.569
	0.0090	2.88e+09	4.932	6.578	6.351	5.559	5.033	4.487	3.489	2.733	2.595
	0.0090	2.95e+09	4.956	6.603	6.375	5.582	5.055	4.509	3.514	2.758	2.620
	0.0090	3.02e+09	4.986	6.633	6.407	5.614	5.087	4.540	3.544	2.788	2.650
	0.0090	3.09e+09	5.049	6.666	6.449	5.665	5.143	4.600	3.613	2.861	2.724
	0.0090	3.16e+09	5.093	6.693	6.475	5.689	5.168	4.630	3.665	2.923	2.788
	0.0090	3.24e+09	5.110	6.716	6.496	5.706	5.184	4.646	3.681	2.939	2.805
	0.0090	3.31e+09	5.128	6.739	6.516	5.723	5.200	4.661	3.700	2.959	2.825
	0.0090	3.39e+09	5.146	6.763	6.537	5.741	5.216	4.677	3.717	2.976	2.843
	0.0090	3.47e+09	5.164	6.787	6.557	5.758	5.232	4.693	3.734	2.994	2.861
	0.0090	3.55e+09	5.182	6.810	6.578	5.776	5.249	4.709	3.752	3.012	2.880
	0.0090	3.63e+09	5.199	6.834	6.599	5.794	5.265	4.725	3.768	3.029	2.897
	0.0090	3.72e+09	5.219	6.858	6.620	5.811	5.282	4.742	3.789	3.051	2.919
	0.0090	3.80e+09	5.239	6.882	6.641	5.830	5.299	4.759	3.809	3.072	2.940
	0.0090	3.89e+09	5.256	6.906	6.662	5.847	5.315	4.775	3.825	3.089	2.957
	0.0090	3.98e+09	5.275	6.915	6.667	5.853	5.322	4.784	3.849	3.119	2.990
	0.0090	4.07e+09	5.290	6.942	6.690	5.871	5.338	4.799	3.862	3.132	3.002
	0.0090	4.17e+09	5.306	6.969	6.713	5.889	5.355	4.814	3.877	3.146	3.017
	0.0090	4.27e+09	5.330	6.999	6.740	5.911	5.375	4.833	3.900	3.170	3.042
	0.0090	4.37e+09	5.346	7.026	6.763	5.931	5.392	4.850	3.914	3.184	3.056
	0.0090	4.47e+09	5.360	7.053	6.786	5.949	5.408	4.863	3.926	3.194	3.066
	0.0090	4.57e+09	5.378	7.080	6.810	5.969	5.426	4.880	3.942	3.210	3.081
	0.0090	4.68e+09	5.397	7.107	6.834	5.989	5.445	4.898	3.961	3.229	3.101
	0.0090	4.79e+09	5.415	7.133	6.857	6.010	5.463	4.915	3.976	3.244	3.115
	0.0090	4.90e+09	5.433	7.159	6.880	6.030	5.482	4.933	3.993	3.260	3.132
	0.0090	5.01e+09	5.459	7.189	6.910	6.058	5.509	4.958	4.018	3.285	3.156
	0.0090	5.13e+09	5.493	7.218	6.938	6.085	5.537	4.987	4.054	3.325	3.197
	0.0090	5.25e+09	5.511	7.243	6.959	6.104	5.554	5.004	4.073	3.343	3.216
	0.0090	5.37e+09	5.533	7.269	6.981	6.123	5.572	5.022	4.094	3.367	3.240
	0.0090	5.50e+09	5.546	7.286	6.996	6.138	5.587	5.036	4.108	3.380	3.253
	0.0090	5.62e+09	5.567	7.320	7.025	6.161	5.608	5.056	4.126	3.397	3.271
	0.0090	5.76e+09	5.580	7.337	7.041	6.176	5.623	5.070	4.138	3.409	3.282
	0.0090	5.89e+09	5.602	7.363	7.062	6.195	5.640	5.087	4.161	3.434	3.308
	0.0090	6.03e+09	5.620	7.389	7.085	6.215	5.659	5.106	4.178	3.451	3.325
	0.0090	6.17e+09	5.643	7.416	7.107	6.235	5.679	5.126	4.202	3.477	3.351
	0.0090	6.31e+09	5.658	7.441	7.128	6.252	5.694	5.140	4.215	3.488	3.363
	0.0090	6.46e+09	5.682	7.468	7.152	6.274	5.716	5.162	4.239	3.515	3.390
	0.0090	6.61e+09	5.709	7.501	7.184	6.304	5.744	5.189	4.265	3.539	3.414
	0.0090	6.76e+09	5.742	7.529	7.208	6.325	5.764	5.211	4.303	3.584	3.461
	0.0090	6.92e+09	5.759	7.555	7.230	6.344	5.783	5.229	4.319	3.599	3.476
	0.0090	7.08e+09	5.777	7.581	7.252	6.364	5.801	5.246	4.335	3.615	3.492
	0.0090	7.25e+09	5.793	7.607	7.274	6.383	5.818	5.262	4.350	3.629	3.506
	0.0090	7.41e+09	5.811	7.633	7.297	6.404	5.838	5.279	4.366	3.645	3.521
	0.0090	7.59e+09	5.827	7.659	7.319	6.424	5.857	5.297	4.380	3.658	3.534
	0.0090	7.76e+09	5.854	7.686	7.342	6.445	5.878	5.320	4.408	3.689	3.566
	0.0090	7.94e+09	5.872	7.712	7.365	6.465	5.897	5.338	4.425	3.705	3.582
	0.0090	8.13e+09	5.890	7.738	7.387	6.485	5.916	5.356	4.442	3.722	3.599
	0.0090	8.32e+09	5.913	7.764	7.411	6.507	5.937	5.378	4.465	3.746	3.623
	0.0090	8.51e+09	5.929	7.790	7.434	6.527	5.956	5.395	4.478	3.757	3.634
	0.0090	8.71e+09	5.954	7.816	7.456	6.548	5.977	5.417	4.506	3.787	3.664
	0.0090	8.91e+09	5.964	7.827	7.472	6.564	5.993	5.431	4.515	3.795	3.671
	0.0090	9.12e+09	5.981	7.851	7.492	6.582	6.010	5.448	4.532	3.811	3.688
	0.0090	9.33e+09	6.000	7.876	7.513	6.601	6.028	5.465	4.551	3.831	3.708
	0.0090	9.55e+09	6.016	7.900	7.535	6.621	6.046	5.481	4.566	3.845	3.722
	0.0090	9.77e+09	6.039	7.924	7.556	6.640	6.065	5.502	4.589	3.869	3.747
	0.0090	1.00e+10	6.058	7.945	7.575	6.659	6.083	5.520	4.609	3.891	3.768
	0.0090	1.02e+10	6.073	7.969	7.596	6.678	6.101	5.536	4.621	3.902	3.779
	0.0090	1.05e+10	6.098	8.010	7.627	6.703	6.124	5.558	4.644	3.924	3.802
	0.0090	1.07e+10	6.121	8.037	7.650	6.724	6.145	5.579	4.667	3.949	3.826
	0.0090	1.10e+10	6.140	8.064	7.673	6.745	6.165	5.598	4.685	3.967	3.844
	0.0090	1.12e+10	6.156	8.090	7.695	6.764	6.183	5.615	4.699	3.980	3.857
	0.0090	1.15e+10	6.180	8.116	7.718	6.786	6.205	5.637	4.724	4.006	3.883
	0.0090	1.18e+10	6.189	8.144	7.734	6.797	6.213	5.644	4.729	4.011	3.888
	0.0090	1.20e+10	6.212	8.170	7.756	6.818	6.233	5.664	4.752	4.035	3.913
	0.0090	1.23e+10	6.229	8.196	7.778	6.837	6.251	5.681	4.768	4.051	3.929
	0.0090	1.26e+10	6.250	8.222	7.799	6.856	6.270	5.700	4.790	4.075	3.953
	0.0090	1.29e+10	6.258	8.243	7.813	6.866	6.278	5.707	4.796	4.080	3.959
	0.0090	1.32e+10	6.258	8.268	7.828	6.874	6.283	5.708	4.793	4.074	3.952
