# File generated by CMD 2.7 (http://stev.oapd.inaf.it/cmd) on Mon Jun 15 15:56:42 CEST 2015
# Basic reference: Marigo et al. (2008, A&A 482, 883) 
# but applying the corrections from Case A in Girardi et al. (2010, ApJ 724, 1030) 
# + Bertelli et al. (1994, A&AS, 106, 275) for the Mi>7.0 Msun interval
# Photometric system: <i>UBVRIJHK</i> (cf. Maiz-Apellaniz 2006 + Bessell 1990)
# Using OBC version of bolometric corrections as detailed in Marigo et al. (2008, A&A 482, 883) and Girardi et al. (2008, PASP 120, 583)
# BCs of Carbon stars derive from Loidl et al. (2001, A&A 342, 531)
# O-rich circumstellar dust ignored
# C-rich circumstellar dust ignored
# IMF: Kroupa (2001, 2002) + Kroupa et al. (2013) canonical two-part-power law IMF corrected for unresolved binaries 
# Kind of output: SSP integrated magnitudes
#	Z	Age		mbol    U       B       V       R       I       J       H       K
	0.0003	3.98e+06	-2.504	-0.777	-0.154	-0.299	-0.484	-0.698	-1.005	-1.263	-1.305
	0.0003	4.07e+06	-2.453	-0.689	0.033	-0.085	-0.266	-0.478	-0.794	-1.082	-1.124
	0.0003	4.17e+06	-2.420	-0.668	0.069	-0.037	-0.211	-0.418	-0.730	-1.018	-1.060
	0.0003	4.27e+06	-2.386	-0.647	0.105	0.011	-0.156	-0.357	-0.662	-0.951	-0.993
	0.0003	4.37e+06	-2.352	-0.625	0.140	0.060	-0.100	-0.294	-0.592	-0.881	-0.922
	0.0003	4.47e+06	-2.317	-0.603	0.175	0.109	-0.043	-0.228	-0.518	-0.806	-0.846
	0.0003	4.57e+06	-2.281	-0.582	0.208	0.157	0.015	-0.161	-0.441	-0.727	-0.767
	0.0003	4.68e+06	-2.244	-0.561	0.241	0.206	0.074	-0.092	-0.360	-0.643	-0.682
	0.0003	4.79e+06	-2.207	-0.539	0.273	0.255	0.134	-0.021	-0.274	-0.554	-0.591
	0.0003	4.90e+06	-2.168	-0.516	0.306	0.305	0.197	0.055	-0.182	-0.457	-0.492
	0.0003	5.01e+06	-2.127	-0.488	0.343	0.360	0.264	0.136	-0.082	-0.350	-0.383
	0.0003	5.13e+06	-2.084	-0.448	0.391	0.425	0.343	0.229	0.030	-0.231	-0.262
	0.0003	5.25e+06	-2.042	-0.415	0.387	0.422	0.348	0.245	0.071	-0.157	-0.183
	0.0003	5.37e+06	-2.006	-0.394	0.403	0.444	0.378	0.285	0.132	-0.074	-0.097
	0.0003	5.50e+06	-1.969	-0.371	0.421	0.467	0.409	0.326	0.193	0.008	-0.011
	0.0003	5.62e+06	-1.931	-0.346	0.440	0.492	0.442	0.369	0.256	0.091	0.075
	0.0003	5.75e+06	-1.891	-0.319	0.460	0.519	0.477	0.414	0.318	0.172	0.160
	0.0003	5.89e+06	-1.850	-0.290	0.481	0.547	0.513	0.459	0.382	0.254	0.245
	0.0003	6.03e+06	-1.808	-0.260	0.502	0.577	0.550	0.506	0.447	0.336	0.329
	0.0003	6.17e+06	-1.765	-0.227	0.525	0.609	0.590	0.556	0.513	0.418	0.414
	0.0003	6.31e+06	-1.718	-0.196	0.548	0.639	0.629	0.603	0.578	0.497	0.497
	0.0003	6.46e+06	-1.668	-0.148	0.588	0.685	0.681	0.663	0.652	0.584	0.586
	0.0003	6.61e+06	-1.623	-0.000	0.966	1.169	1.239	1.323	1.502	1.506	1.546
	0.0003	6.76e+06	-1.591	0.029	1.037	1.274	1.374	1.505	1.796	1.863	1.933
	0.0003	6.92e+06	-1.561	0.049	1.056	1.292	1.391	1.521	1.811	1.877	1.946
	0.0003	7.08e+06	-1.530	0.070	1.074	1.309	1.408	1.537	1.824	1.888	1.957
	0.0003	7.24e+06	-1.498	0.091	1.092	1.327	1.425	1.554	1.839	1.900	1.968
	0.0003	7.41e+06	-1.466	0.113	1.111	1.345	1.442	1.571	1.854	1.914	1.982
	0.0003	7.59e+06	-1.434	0.134	1.130	1.363	1.460	1.587	1.867	1.925	1.991
	0.0003	7.76e+06	-1.403	0.156	1.149	1.381	1.477	1.603	1.881	1.937	2.002
	0.0003	7.94e+06	-1.370	0.178	1.169	1.399	1.495	1.620	1.896	1.949	2.014
	0.0003	8.13e+06	-1.337	0.201	1.188	1.418	1.513	1.637	1.910	1.962	2.026
	0.0003	8.32e+06	-1.304	0.224	1.209	1.437	1.531	1.655	1.925	1.975	2.038
	0.0003	8.51e+06	-1.270	0.248	1.230	1.456	1.550	1.672	1.939	1.986	2.048
	0.0003	8.71e+06	-1.235	0.272	1.251	1.476	1.569	1.691	1.956	2.001	2.063
	0.0003	8.91e+06	-1.201	0.297	1.271	1.496	1.587	1.707	1.968	2.010	2.070
	0.0003	9.12e+06	-1.165	0.323	1.294	1.517	1.608	1.726	1.985	2.025	2.084
	0.0003	9.33e+06	-1.128	0.350	1.317	1.538	1.628	1.745	2.000	2.037	2.095
	0.0003	9.55e+06	-1.090	0.378	1.340	1.560	1.649	1.765	2.016	2.049	2.106
	0.0003	9.77e+06	-1.052	0.406	1.364	1.583	1.671	1.785	2.033	2.065	2.121
	0.0003	1.00e+07	-1.012	0.436	1.390	1.606	1.693	1.806	2.049	2.077	2.132
	0.0003	1.02e+07	-0.969	0.469	1.417	1.632	1.717	1.828	2.067	2.091	2.144
	0.0003	1.05e+07	-0.927	0.502	1.446	1.659	1.743	1.852	2.087	2.108	2.160
	0.0003	1.07e+07	-0.883	0.538	1.476	1.687	1.769	1.876	2.105	2.122	2.173
	0.0003	1.10e+07	-0.833	0.591	1.529	1.740	1.822	1.928	2.153	2.166	2.215
	0.0003	1.12e+07	-0.776	0.655	1.590	1.798	1.880	1.983	2.203	2.210	2.257
	0.0003	1.15e+07	-0.715	0.729	1.661	1.868	1.948	2.049	2.260	2.260	2.304
	0.0003	1.17e+07	-0.674	0.780	1.718	1.932	2.019	2.131	2.370	2.395	2.448
	0.0003	1.20e+07	-0.653	0.791	1.723	1.935	2.020	2.130	2.363	2.384	2.435
	0.0003	1.23e+07	-0.633	0.802	1.728	1.937	2.021	2.129	2.356	2.374	2.423
	0.0003	1.26e+07	-0.613	0.812	1.733	1.940	2.022	2.127	2.349	2.363	2.411
	0.0003	1.29e+07	-0.593	0.822	1.736	1.941	2.021	2.124	2.341	2.352	2.399
	0.0003	1.32e+07	-0.574	0.832	1.740	1.942	2.021	2.121	2.333	2.340	2.386
	0.0003	1.35e+07	-0.554	0.842	1.744	1.943	2.020	2.117	2.324	2.327	2.371
	0.0003	1.38e+07	-0.534	0.853	1.747	1.944	2.019	2.114	2.314	2.314	2.356
	0.0003	1.41e+07	-0.514	0.863	1.750	1.944	2.017	2.110	2.305	2.302	2.343
	0.0003	1.45e+07	-0.495	0.873	1.752	1.944	2.015	2.105	2.294	2.287	2.326
	0.0003	1.48e+07	-0.475	0.883	1.755	1.943	2.013	2.100	2.282	2.272	2.310
	0.0003	1.51e+07	-0.456	0.893	1.757	1.942	2.010	2.093	2.269	2.254	2.290
	0.0003	1.55e+07	-0.438	0.902	1.759	1.941	2.006	2.087	2.257	2.239	2.273
	0.0003	1.58e+07	-0.420	0.912	1.760	1.939	2.002	2.080	2.243	2.222	2.255
	0.0003	1.62e+07	-0.402	0.921	1.761	1.937	1.999	2.073	2.228	2.204	2.235
	0.0003	1.66e+07	-0.384	0.931	1.762	1.935	1.994	2.065	2.212	2.183	2.213
	0.0003	1.70e+07	-0.368	0.940	1.764	1.934	1.990	2.057	2.196	2.163	2.191
	0.0003	1.74e+07	-0.351	0.949	1.765	1.932	1.986	2.049	2.180	2.142	2.168
	0.0003	1.78e+07	-0.334	0.958	1.768	1.931	1.982	2.041	2.162	2.119	2.142
	0.0003	1.82e+07	-0.317	0.968	1.772	1.931	1.978	2.033	2.144	2.095	2.116
	0.0003	1.86e+07	-0.302	0.976	1.775	1.930	1.974	2.023	2.123	2.068	2.087
	0.0003	1.91e+07	-0.287	0.985	1.780	1.930	1.970	2.014	2.103	2.040	2.057
	0.0003	1.95e+07	-0.272	0.992	1.784	1.929	1.965	2.004	2.082	2.010	2.025
	0.0003	2.00e+07	-0.258	0.999	1.788	1.929	1.960	1.993	2.060	1.978	1.991
	0.0003	2.04e+07	-0.244	1.006	1.791	1.928	1.955	1.982	2.037	1.945	1.955
	0.0003	2.09e+07	-0.232	1.010	1.793	1.926	1.949	1.971	2.013	1.909	1.917
	0.0003	2.14e+07	-0.222	1.013	1.793	1.922	1.942	1.958	1.988	1.871	1.877
	0.0003	2.19e+07	-0.223	0.948	1.650	1.744	1.739	1.725	1.706	1.584	1.583
	0.0003	2.24e+07	-0.227	0.886	1.581	1.689	1.698	1.704	1.728	1.636	1.642
	0.0003	2.29e+07	-0.228	0.794	1.460	1.574	1.592	1.611	1.667	1.603	1.615
	0.0003	2.34e+07	-0.197	0.785	1.240	1.206	1.107	0.977	0.765	0.523	0.493
	0.0003	2.40e+07	-0.166	0.871	1.255	1.118	0.939	0.723	0.385	0.058	0.014
	0.0003	2.45e+07	-0.139	0.982	1.312	1.073	0.826	0.545	0.125	-0.254	-0.305
	0.0003	2.51e+07	-0.113	1.109	1.414	1.068	0.756	0.421	-0.063	-0.480	-0.536
	0.0003	2.57e+07	-0.089	1.221	1.529	1.078	0.710	0.332	-0.200	-0.648	-0.708
	0.0003	2.63e+07	0.009	0.944	1.436	1.430	1.356	1.257	1.102	0.909	0.889
	0.0003	2.69e+07	0.058	1.004	1.478	1.460	1.377	1.268	1.097	0.897	0.875
	0.0003	2.75e+07	0.173	1.224	1.897	1.982	1.970	1.949	1.915	1.770	1.766
	0.0003	2.82e+07	0.224	1.285	1.970	2.065	2.061	2.046	2.021	1.869	1.864
	0.0003	2.88e+07	0.253	1.304	1.984	2.077	2.072	2.056	2.028	1.875	1.870
	0.0003	2.95e+07	0.281	1.322	1.998	2.089	2.083	2.066	2.036	1.882	1.877
	0.0003	3.02e+07	0.309	1.341	2.011	2.101	2.094	2.076	2.044	1.889	1.883
	0.0003	3.09e+07	0.338	1.360	2.025	2.113	2.105	2.086	2.052	1.895	1.890
	0.0003	3.16e+07	0.367	1.379	2.039	2.125	2.116	2.096	2.060	1.902	1.896
	0.0003	3.24e+07	0.395	1.398	2.052	2.137	2.128	2.106	2.068	1.910	1.904
	0.0003	3.31e+07	0.424	1.417	2.066	2.149	2.139	2.116	2.076	1.917	1.910
	0.0003	3.39e+07	0.453	1.436	2.080	2.162	2.150	2.127	2.085	1.924	1.917
	0.0003	3.47e+07	0.481	1.455	2.094	2.174	2.162	2.137	2.093	1.931	1.924
	0.0003	3.55e+07	0.510	1.474	2.108	2.186	2.173	2.147	2.102	1.939	1.931
	0.0003	3.63e+07	0.539	1.493	2.122	2.199	2.185	2.158	2.110	1.946	1.938
	0.0003	3.72e+07	0.568	1.513	2.136	2.211	2.197	2.168	2.119	1.954	1.946
	0.0003	3.80e+07	0.598	1.532	2.150	2.224	2.208	2.179	2.128	1.962	1.954
	0.0003	3.89e+07	0.627	1.552	2.164	2.237	2.220	2.190	2.137	1.970	1.961
	0.0003	3.98e+07	0.657	1.572	2.179	2.250	2.232	2.201	2.146	1.978	1.969
	0.0003	4.07e+07	0.686	1.592	2.193	2.263	2.245	2.212	2.155	1.986	1.977
	0.0003	4.17e+07	0.716	1.612	2.208	2.276	2.257	2.223	2.164	1.994	1.984
	0.0003	4.27e+07	0.747	1.633	2.223	2.289	2.269	2.234	2.173	2.003	1.993
	0.0003	4.37e+07	0.776	1.653	2.237	2.302	2.281	2.245	2.182	2.011	2.000
	0.0003	4.47e+07	0.806	1.673	2.252	2.316	2.294	2.257	2.192	2.020	2.009
	0.0003	4.57e+07	0.837	1.694	2.267	2.329	2.306	2.268	2.201	2.028	2.017
	0.0003	4.68e+07	0.867	1.715	2.283	2.343	2.319	2.280	2.211	2.037	2.026
	0.0003	4.79e+07	0.898	1.736	2.298	2.357	2.332	2.292	2.221	2.045	2.034
	0.0003	4.90e+07	0.930	1.758	2.314	2.371	2.346	2.304	2.231	2.055	2.043
	0.0003	5.01e+07	0.962	1.780	2.330	2.386	2.359	2.317	2.241	2.064	2.052
	0.0003	5.13e+07	0.995	1.803	2.347	2.401	2.373	2.329	2.252	2.073	2.061
	0.0003	5.25e+07	1.027	1.826	2.364	2.416	2.387	2.342	2.262	2.083	2.070
	0.0003	5.37e+07	1.064	1.857	2.399	2.457	2.434	2.396	2.329	2.157	2.145
	0.0003	5.50e+07	1.103	1.900	2.442	2.499	2.474	2.434	2.361	2.184	2.172
	0.0003	5.62e+07	1.145	1.941	2.479	2.532	2.505	2.462	2.384	2.204	2.191
	0.0003	5.75e+07	1.188	1.983	2.518	2.573	2.549	2.510	2.440	2.269	2.258
	0.0003	5.89e+07	1.213	2.000	2.530	2.583	2.558	2.517	2.444	2.271	2.259
	0.0003	6.03e+07	1.238	2.017	2.542	2.594	2.567	2.524	2.448	2.273	2.260
	0.0003	6.17e+07	1.264	2.035	2.555	2.604	2.576	2.532	2.453	2.275	2.262
	0.0003	6.31e+07	1.289	2.052	2.567	2.615	2.586	2.540	2.457	2.277	2.264
	0.0003	6.46e+07	1.315	2.070	2.580	2.625	2.595	2.547	2.461	2.279	2.265
	0.0003	6.61e+07	1.340	2.088	2.592	2.636	2.604	2.555	2.466	2.281	2.267
	0.0003	6.76e+07	1.366	2.106	2.605	2.647	2.614	2.563	2.471	2.284	2.269
	0.0003	6.92e+07	1.391	2.124	2.618	2.658	2.623	2.570	2.475	2.286	2.270
	0.0003	7.08e+07	1.415	2.141	2.630	2.668	2.632	2.578	2.479	2.288	2.272
	0.0003	7.24e+07	1.440	2.159	2.643	2.679	2.642	2.585	2.483	2.289	2.273
	0.0003	7.41e+07	1.465	2.177	2.656	2.690	2.651	2.593	2.488	2.292	2.275
	0.0003	7.59e+07	1.491	2.195	2.669	2.701	2.661	2.601	2.492	2.293	2.275
	0.0003	7.76e+07	1.516	2.214	2.682	2.712	2.671	2.609	2.496	2.295	2.277
	0.0003	7.94e+07	1.541	2.232	2.696	2.724	2.681	2.617	2.501	2.297	2.278
	0.0003	8.13e+07	1.567	2.251	2.709	2.735	2.691	2.625	2.505	2.299	2.280
	0.0003	8.32e+07	1.593	2.270	2.723	2.747	2.701	2.633	2.510	2.302	2.282
	0.0003	8.51e+07	1.619	2.289	2.737	2.759	2.711	2.642	2.515	2.303	2.283
	0.0003	8.71e+07	1.645	2.308	2.751	2.770	2.721	2.650	2.519	2.305	2.284
	0.0003	8.91e+07	1.671	2.327	2.765	2.782	2.732	2.658	2.524	2.307	2.285
	0.0003	9.12e+07	1.697	2.347	2.780	2.794	2.742	2.666	2.528	2.308	2.286
	0.0003	9.33e+07	1.725	2.368	2.797	2.812	2.760	2.685	2.546	2.325	2.303
	0.0003	9.55e+07	1.753	2.393	2.820	2.833	2.779	2.701	2.558	2.332	2.309
	0.0003	9.77e+07	1.781	2.418	2.841	2.850	2.794	2.713	2.564	2.334	2.310
	0.0003	1.00e+08	1.810	2.443	2.860	2.867	2.808	2.724	2.569	2.335	2.310
	0.0003	1.02e+08	1.600	2.456	2.839	2.727	2.505	2.172	1.414	0.677	0.474
	0.0003	1.05e+08	1.561	2.473	2.848	2.720	2.474	2.100	1.244	0.442	0.199
	0.0003	1.07e+08	1.577	2.492	2.861	2.730	2.481	2.102	1.237	0.430	0.186
	0.0003	1.10e+08	1.593	2.511	2.875	2.740	2.488	2.105	1.232	0.420	0.174
	0.0003	1.12e+08	1.609	2.530	2.888	2.751	2.496	2.108	1.225	0.409	0.160
	0.0003	1.15e+08	1.625	2.549	2.903	2.764	2.507	2.115	1.223	0.401	0.150
	0.0003	1.17e+08	1.642	2.570	2.920	2.778	2.517	2.121	1.220	0.393	0.140
	0.0003	1.20e+08	1.658	2.591	2.936	2.791	2.527	2.126	1.215	0.383	0.128
	0.0003	1.23e+08	1.674	2.612	2.952	2.804	2.537	2.130	1.211	0.374	0.116
	0.0003	1.26e+08	1.693	2.634	2.969	2.820	2.551	2.142	1.213	0.371	0.110
	0.0003	1.29e+08	1.717	2.652	2.982	2.832	2.562	2.153	1.231	0.393	0.135
	0.0003	1.32e+08	1.733	2.670	2.995	2.839	2.565	2.153	1.228	0.390	0.134
	0.0003	1.35e+08	1.749	2.689	3.008	2.848	2.569	2.153	1.225	0.385	0.132
	0.0003	1.38e+08	1.765	2.708	3.020	2.856	2.573	2.153	1.223	0.384	0.132
	0.0003	1.41e+08	1.780	2.726	3.033	2.863	2.577	2.153	1.220	0.380	0.129
	0.0003	1.45e+08	1.796	2.745	3.046	2.873	2.583	2.156	1.222	0.381	0.132
	0.0003	1.48e+08	1.812	2.765	3.061	2.884	2.591	2.157	1.216	0.374	0.128
	0.0003	1.51e+08	1.828	2.785	3.076	2.895	2.597	2.159	1.215	0.373	0.128
	0.0003	1.55e+08	1.843	2.805	3.090	2.904	2.602	2.161	1.213	0.371	0.128
	0.0003	1.59e+08	1.859	2.827	3.107	2.919	2.613	2.161	1.204	0.358	0.119
	0.0003	1.62e+08	1.884	2.846	3.122	2.934	2.630	2.181	1.226	0.382	0.145
	0.0003	1.66e+08	1.900	2.865	3.135	2.944	2.641	2.193	1.234	0.391	0.147
	0.0003	1.70e+08	1.915	2.882	3.145	2.948	2.646	2.207	1.254	0.415	0.162
	0.0003	1.74e+08	1.931	2.901	3.158	2.960	2.658	2.218	1.259	0.417	0.161
	0.0003	1.78e+08	1.946	2.919	3.172	2.973	2.671	2.229	1.263	0.419	0.158
	0.0003	1.82e+08	1.962	2.939	3.187	2.986	2.683	2.239	1.266	0.419	0.155
	0.0003	1.86e+08	1.977	2.959	3.203	3.000	2.696	2.249	1.269	0.418	0.151
	0.0003	1.91e+08	1.992	2.980	3.222	3.023	2.719	2.263	1.258	0.399	0.133
	0.0003	1.95e+08	2.008	3.001	3.239	3.039	2.734	2.275	1.262	0.398	0.130
	0.0003	2.00e+08	2.024	3.024	3.258	3.057	2.750	2.287	1.263	0.394	0.123
	0.0003	2.04e+08	2.039	3.048	3.279	3.083	2.778	2.304	1.246	0.369	0.101
	0.0003	2.09e+08	2.054	3.071	3.298	3.099	2.792	2.315	1.249	0.367	0.097
	0.0003	2.14e+08	2.083	3.094	3.319	3.127	2.827	2.352	1.269	0.383	0.111
	0.0003	2.19e+08	2.126	3.108	3.324	3.117	2.812	2.364	1.371	0.508	0.232
	0.0003	2.24e+08	2.166	3.127	3.338	3.133	2.834	2.395	1.420	0.568	0.296
	0.0003	2.29e+08	2.205	3.146	3.353	3.150	2.857	2.426	1.471	0.628	0.362
	0.0003	2.34e+08	2.245	3.166	3.368	3.167	2.879	2.457	1.521	0.689	0.428
	0.0003	2.40e+08	2.285	3.185	3.383	3.184	2.901	2.488	1.572	0.752	0.497
	0.0003	2.45e+08	2.325	3.205	3.398	3.201	2.923	2.519	1.623	0.814	0.566
	0.0003	2.51e+08	2.365	3.225	3.413	3.219	2.945	2.550	1.675	0.879	0.636
	0.0003	2.57e+08	2.406	3.245	3.430	3.237	2.968	2.582	1.727	0.944	0.709
	0.0003	2.63e+08	2.447	3.266	3.446	3.256	2.994	2.617	1.783	1.013	0.785
	0.0003	2.69e+08	2.489	3.287	3.464	3.277	3.020	2.652	1.839	1.083	0.862
	0.0003	2.75e+08	2.531	3.309	3.483	3.298	3.046	2.686	1.895	1.153	0.939
	0.0003	2.82e+08	2.574	3.333	3.503	3.320	3.072	2.721	1.952	1.225	1.020
	0.0003	2.88e+08	2.618	3.357	3.524	3.342	3.098	2.756	2.010	1.299	1.104
	0.0003	2.95e+08	2.662	3.382	3.545	3.364	3.124	2.790	2.068	1.374	1.188
	0.0003	3.02e+08	2.716	3.405	3.566	3.391	3.162	2.842	2.154	1.484	1.309
	0.0003	3.09e+08	2.733	3.425	3.581	3.402	3.171	2.848	2.156	1.484	1.308
	0.0003	3.16e+08	2.750	3.444	3.595	3.414	3.181	2.857	2.161	1.487	1.311
	0.0003	3.24e+08	2.767	3.464	3.610	3.426	3.190	2.864	2.165	1.489	1.311
	0.0003	3.31e+08	2.784	3.484	3.625	3.438	3.201	2.873	2.170	1.492	1.314
	0.0003	3.39e+08	2.801	3.504	3.641	3.450	3.211	2.880	2.174	1.495	1.315
	0.0003	3.47e+08	2.818	3.524	3.656	3.463	3.221	2.888	2.179	1.497	1.317
	0.0003	3.55e+08	2.836	3.545	3.672	3.475	3.232	2.897	2.184	1.501	1.320
	0.0003	3.63e+08	2.853	3.565	3.688	3.488	3.243	2.906	2.190	1.505	1.322
	0.0003	3.72e+08	2.870	3.586	3.705	3.501	3.254	2.915	2.195	1.508	1.324
	0.0003	3.80e+08	2.887	3.607	3.722	3.515	3.265	2.924	2.199	1.511	1.326
	0.0003	3.89e+08	2.905	3.629	3.739	3.529	3.278	2.935	2.207	1.516	1.330
	0.0003	3.98e+08	2.924	3.650	3.757	3.545	3.292	2.947	2.216	1.523	1.336
	0.0003	4.07e+08	2.942	3.672	3.775	3.560	3.306	2.959	2.224	1.529	1.341
	0.0003	4.17e+08	2.960	3.695	3.794	3.576	3.320	2.971	2.232	1.535	1.346
	0.0003	4.27e+08	2.979	3.718	3.814	3.593	3.335	2.984	2.240	1.541	1.350
	0.0003	4.37e+08	2.998	3.742	3.835	3.610	3.350	2.996	2.249	1.547	1.355
	0.0003	4.47e+08	3.017	3.767	3.856	3.628	3.365	3.009	2.258	1.553	1.361
	0.0003	4.57e+08	3.037	3.792	3.878	3.646	3.381	3.022	2.266	1.560	1.366
	0.0003	4.68e+08	3.083	3.814	3.899	3.673	3.415	3.067	2.331	1.636	1.445
	0.0003	4.79e+08	3.108	3.834	3.915	3.688	3.432	3.087	2.356	1.664	1.473
	0.0003	4.90e+08	3.133	3.854	3.932	3.704	3.448	3.105	2.378	1.689	1.498
	0.0003	5.01e+08	3.158	3.874	3.949	3.720	3.466	3.124	2.403	1.716	1.525
	0.0003	5.13e+08	3.183	3.895	3.967	3.737	3.483	3.143	2.427	1.742	1.551
	0.0003	5.25e+08	3.210	3.915	3.985	3.755	3.502	3.165	2.454	1.772	1.581
	0.0003	5.37e+08	3.236	3.936	4.004	3.773	3.522	3.187	2.481	1.801	1.609
	0.0003	5.50e+08	3.263	3.957	4.023	3.792	3.542	3.209	2.508	1.831	1.638
	0.0003	5.62e+08	3.290	3.979	4.043	3.811	3.563	3.233	2.537	1.863	1.670
	0.0003	5.76e+08	3.318	4.003	4.065	3.832	3.584	3.255	2.563	1.892	1.698
	0.0003	5.89e+08	3.346	4.028	4.090	3.854	3.605	3.277	2.590	1.921	1.727
	0.0003	6.03e+08	3.374	4.053	4.116	3.876	3.627	3.299	2.615	1.949	1.755
	0.0003	6.17e+08	3.403	4.080	4.142	3.899	3.649	3.322	2.642	1.979	1.784
	0.0003	6.31e+08	3.434	4.106	4.169	3.923	3.673	3.347	2.672	2.011	1.816
	0.0003	6.46e+08	3.478	4.129	4.192	3.947	3.700	3.381	2.729	2.087	1.902
	0.0003	6.61e+08	3.494	4.149	4.212	3.961	3.711	3.390	2.734	2.091	1.906
	0.0003	6.76e+08	3.510	4.170	4.232	3.975	3.722	3.398	2.739	2.095	1.910
	0.0003	6.92e+08	3.526	4.190	4.252	3.989	3.732	3.406	2.744	2.101	1.916
	0.0003	7.08e+08	3.542	4.211	4.272	4.004	3.744	3.414	2.750	2.106	1.921
	0.0003	7.25e+08	3.559	4.232	4.293	4.020	3.756	3.424	2.758	2.113	1.928
	0.0003	7.41e+08	3.576	4.254	4.314	4.036	3.769	3.434	2.765	2.119	1.934
	0.0003	7.59e+08	3.593	4.276	4.336	4.052	3.781	3.443	2.771	2.125	1.940
	0.0003	7.76e+08	3.611	4.298	4.358	4.069	3.796	3.455	2.780	2.132	1.947
	0.0003	7.94e+08	3.628	4.320	4.380	4.087	3.810	3.466	2.788	2.139	1.954
	0.0003	8.13e+08	3.645	4.342	4.402	4.104	3.824	3.476	2.795	2.145	1.960
	0.0003	8.32e+08	3.670	4.365	4.425	4.124	3.843	3.496	2.819	2.172	1.989
	0.0003	8.51e+08	3.689	4.387	4.446	4.141	3.858	3.509	2.830	2.183	2.000
	0.0003	8.71e+08	3.709	4.409	4.468	4.159	3.873	3.523	2.843	2.196	2.013
	0.0003	8.91e+08	3.727	4.431	4.490	4.177	3.888	3.535	2.854	2.206	2.023
	0.0003	9.12e+08	3.746	4.453	4.511	4.194	3.903	3.549	2.867	2.218	2.035
	0.0003	9.33e+08	3.764	4.474	4.532	4.210	3.917	3.560	2.877	2.229	2.045
	0.0003	9.55e+08	3.794	4.494	4.552	4.229	3.936	3.582	2.910	2.271	2.093
	0.0003	9.77e+08	3.812	4.511	4.568	4.241	3.947	3.592	2.922	2.285	2.108
	0.0003	1.00e+09	3.824	4.526	4.582	4.250	3.953	3.597	2.927	2.293	2.118
	0.0003	1.02e+09	3.836	4.539	4.594	4.257	3.958	3.601	2.933	2.301	2.127
	0.0003	1.05e+09	3.847	4.551	4.604	4.263	3.962	3.604	2.938	2.309	2.137
	0.0003	1.07e+09	3.859	4.564	4.615	4.270	3.967	3.609	2.945	2.318	2.146
	0.0003	1.10e+09	3.868	4.574	4.624	4.273	3.968	3.608	2.947	2.323	2.153
	0.0003	1.12e+09	3.849	4.586	4.630	4.266	3.950	3.580	2.903	2.270	2.101
	0.0003	1.15e+09	3.863	4.598	4.640	4.271	3.953	3.583	2.912	2.283	2.115
	0.0003	1.18e+09	3.873	4.609	4.649	4.273	3.952	3.581	2.916	2.292	2.125
	0.0003	1.20e+09	3.820	4.628	4.656	4.253	3.912	3.519	2.815	2.164	1.990
	0.0003	1.23e+09	3.850	4.662	4.686	4.273	3.928	3.535	2.839	2.196	2.025
	0.0003	1.26e+09	3.890	4.726	4.742	4.319	3.967	3.567	2.866	2.221	2.054
	0.0003	1.29e+09	3.924	4.771	4.781	4.351	3.995	3.593	2.892	2.249	2.085
	0.0003	1.32e+09	3.972	4.825	4.832	4.399	4.041	3.637	2.937	2.295	2.133
	0.0003	1.35e+09	4.138	4.883	4.898	4.494	4.164	3.794	3.169	2.587	2.450
	0.0003	1.38e+09	4.176	4.908	4.922	4.515	4.186	3.820	3.211	2.645	2.519
	0.0003	1.41e+09	4.214	4.935	4.946	4.538	4.210	3.846	3.252	2.701	2.584
	0.0003	1.45e+09	4.251	4.961	4.971	4.561	4.233	3.873	3.292	2.755	2.647
	0.0003	1.48e+09	4.284	4.985	4.993	4.582	4.255	3.897	3.328	2.802	2.701
	0.0003	1.51e+09	4.316	5.007	5.015	4.602	4.276	3.921	3.363	2.849	2.755
	0.0003	1.55e+09	4.346	5.029	5.035	4.621	4.296	3.944	3.396	2.893	2.804
	0.0003	1.59e+09	4.369	5.046	5.051	4.635	4.311	3.961	3.420	2.926	2.840
	0.0003	1.62e+09	4.375	5.062	5.063	4.639	4.312	3.959	3.415	2.922	2.835
	0.0003	1.66e+09	4.394	5.085	5.085	4.657	4.328	3.974	3.429	2.935	2.846
	0.0003	1.70e+09	4.412	5.108	5.107	4.675	4.343	3.988	3.441	2.947	2.857
	0.0003	1.74e+09	4.430	5.132	5.130	4.693	4.359	4.002	3.453	2.956	2.865
	0.0003	1.78e+09	4.448	5.155	5.152	4.711	4.375	4.016	3.465	2.967	2.874
	0.0003	1.82e+09	4.467	5.180	5.176	4.730	4.392	4.032	3.478	2.978	2.884
	0.0003	1.86e+09	4.495	5.208	5.205	4.755	4.416	4.054	3.503	3.005	2.913
	0.0003	1.91e+09	4.514	5.227	5.222	4.769	4.428	4.067	3.521	3.029	2.941
	0.0003	1.95e+09	4.535	5.245	5.239	4.786	4.445	4.084	3.540	3.052	2.966
	0.0003	2.00e+09	4.571	5.274	5.271	4.820	4.481	4.123	3.582	3.096	3.012
	0.0003	2.04e+09	4.590	5.293	5.291	4.838	4.499	4.139	3.600	3.115	3.031
	0.0003	2.09e+09	4.610	5.314	5.311	4.856	4.516	4.157	3.618	3.135	3.053
	0.0003	2.14e+09	4.629	5.335	5.332	4.875	4.533	4.173	3.636	3.155	3.073
	0.0003	2.19e+09	4.652	5.360	5.356	4.896	4.554	4.194	3.658	3.178	3.097
	0.0003	2.24e+09	4.680	5.384	5.380	4.921	4.580	4.221	3.688	3.210	3.130
	0.0003	2.29e+09	4.700	5.402	5.399	4.938	4.596	4.237	3.707	3.232	3.155
	0.0003	2.34e+09	4.716	5.419	5.417	4.954	4.610	4.251	3.721	3.249	3.173
	0.0003	2.40e+09	4.731	5.436	5.434	4.969	4.625	4.265	3.736	3.266	3.192
	0.0003	2.46e+09	4.750	5.454	5.452	4.985	4.640	4.280	3.752	3.283	3.210
	0.0003	2.51e+09	4.767	5.472	5.470	5.000	4.654	4.293	3.766	3.298	3.227
	0.0003	2.57e+09	4.785	5.490	5.488	5.016	4.669	4.307	3.780	3.314	3.243
	0.0003	2.63e+09	4.804	5.509	5.508	5.033	4.685	4.322	3.796	3.331	3.262
	0.0003	2.69e+09	4.823	5.532	5.529	5.051	4.700	4.337	3.811	3.346	3.278
	0.0003	2.75e+09	4.854	5.567	5.564	5.082	4.730	4.365	3.837	3.372	3.304
	0.0003	2.82e+09	4.897	5.603	5.600	5.116	4.764	4.400	3.877	3.416	3.350
	0.0003	2.88e+09	4.915	5.622	5.619	5.134	4.781	4.416	3.893	3.432	3.366
	0.0003	2.95e+09	4.934	5.642	5.640	5.153	4.799	4.433	3.909	3.448	3.382
	0.0003	3.02e+09	4.953	5.662	5.661	5.172	4.817	4.451	3.927	3.465	3.399
	0.0003	3.09e+09	4.973	5.684	5.685	5.194	4.837	4.470	3.944	3.482	3.416
	0.0003	3.16e+09	5.003	5.712	5.715	5.224	4.867	4.500	3.975	3.513	3.447
	0.0003	3.24e+09	5.023	5.734	5.739	5.244	4.886	4.518	3.991	3.529	3.462
	0.0003	3.31e+09	5.040	5.755	5.760	5.262	4.902	4.533	4.005	3.542	3.475
	0.0003	3.39e+09	5.059	5.776	5.783	5.282	4.921	4.551	4.022	3.558	3.491
	0.0003	3.47e+09	5.076	5.798	5.805	5.301	4.938	4.567	4.036	3.572	3.504
	0.0003	3.55e+09	5.094	5.819	5.828	5.321	4.956	4.583	4.051	3.585	3.517
	0.0003	3.63e+09	5.113	5.841	5.851	5.341	4.974	4.600	4.068	3.601	3.534
	0.0003	3.72e+09	5.131	5.863	5.874	5.360	4.992	4.617	4.083	3.616	3.548
	0.0003	3.80e+09	5.152	5.885	5.897	5.381	5.012	4.636	4.103	3.636	3.568
	0.0003	3.89e+09	5.171	5.907	5.921	5.402	5.031	4.653	4.118	3.651	3.582
	0.0003	3.98e+09	5.189	5.930	5.944	5.421	5.048	4.669	4.132	3.663	3.594
	0.0003	4.07e+09	5.208	5.952	5.968	5.442	5.067	4.687	4.148	3.678	3.609
	0.0003	4.17e+09	5.227	5.975	5.991	5.462	5.086	4.704	4.164	3.693	3.624
	0.0003	4.27e+09	5.243	5.998	6.014	5.481	5.102	4.719	4.177	3.704	3.634
	0.0003	4.37e+09	5.264	6.021	6.039	5.503	5.122	4.738	4.195	3.722	3.652
	0.0003	4.47e+09	5.279	6.041	6.060	5.519	5.136	4.750	4.205	3.731	3.661
	0.0003	4.57e+09	5.297	6.063	6.082	5.537	5.152	4.764	4.217	3.742	3.672
	0.0003	4.68e+09	5.317	6.084	6.104	5.557	5.170	4.781	4.235	3.761	3.691
	0.0003	4.79e+09	5.336	6.106	6.127	5.577	5.188	4.798	4.251	3.776	3.707
	0.0003	4.90e+09	5.352	6.128	6.150	5.594	5.203	4.811	4.261	3.785	3.715
	0.0003	5.01e+09	5.372	6.151	6.174	5.616	5.223	4.830	4.279	3.802	3.732
	0.0003	5.13e+09	5.390	6.173	6.196	5.634	5.240	4.846	4.294	3.817	3.747
	0.0003	5.25e+09	5.409	6.195	6.219	5.655	5.259	4.863	4.310	3.832	3.762
	0.0003	5.37e+09	5.426	6.217	6.242	5.674	5.275	4.878	4.323	3.844	3.773
	0.0003	5.50e+09	5.444	6.240	6.266	5.694	5.294	4.895	4.338	3.858	3.787
	0.0003	5.62e+09	5.465	6.264	6.290	5.715	5.313	4.913	4.355	3.876	3.805
	0.0003	5.76e+09	5.484	6.287	6.314	5.735	5.331	4.930	4.371	3.890	3.820
	0.0003	5.89e+09	5.504	6.310	6.337	5.756	5.351	4.949	4.392	3.914	3.846
	0.0003	6.03e+09	5.527	6.332	6.359	5.775	5.369	4.966	4.409	3.932	3.864
	0.0003	6.17e+09	5.556	6.359	6.389	5.804	5.397	4.994	4.439	3.963	3.896
	0.0003	6.31e+09	5.583	6.384	6.416	5.831	5.424	5.021	4.467	3.993	3.926
	0.0003	6.46e+09	5.602	6.405	6.438	5.850	5.442	5.038	4.484	4.010	3.945
	0.0003	6.61e+09	5.621	6.425	6.458	5.868	5.459	5.055	4.502	4.029	3.964
	0.0003	6.76e+09	5.639	6.444	6.478	5.885	5.475	5.070	4.517	4.046	3.981
	0.0003	6.92e+09	5.658	6.464	6.498	5.903	5.492	5.087	4.535	4.065	4.000
	0.0003	7.08e+09	5.677	6.484	6.517	5.921	5.509	5.104	4.552	4.083	4.018
	0.0003	7.25e+09	5.700	6.508	6.541	5.943	5.530	5.124	4.573	4.105	4.041
	0.0003	7.41e+09	5.721	6.532	6.566	5.963	5.549	5.143	4.590	4.123	4.059
	0.0003	7.59e+09	5.740	6.554	6.587	5.983	5.568	5.160	4.608	4.141	4.076
	0.0003	7.76e+09	5.760	6.577	6.610	6.003	5.587	5.179	4.626	4.159	4.095
	0.0003	7.94e+09	5.788	6.605	6.638	6.030	5.614	5.205	4.652	4.186	4.121
	0.0003	8.13e+09	5.814	6.635	6.668	6.058	5.640	5.231	4.677	4.210	4.145
	0.0003	8.32e+09	5.834	6.656	6.689	6.077	5.658	5.249	4.694	4.228	4.162
	0.0003	8.51e+09	5.850	6.675	6.708	6.094	5.675	5.264	4.709	4.242	4.177
	0.0003	8.71e+09	5.868	6.695	6.727	6.112	5.692	5.281	4.725	4.258	4.193
	0.0003	8.91e+09	5.886	6.714	6.746	6.131	5.710	5.299	4.743	4.275	4.210
	0.0003	9.12e+09	5.910	6.738	6.770	6.155	5.735	5.323	4.767	4.300	4.234
	0.0003	9.33e+09	5.927	6.757	6.789	6.173	5.752	5.340	4.783	4.315	4.249
	0.0003	9.55e+09	5.944	6.776	6.808	6.191	5.769	5.356	4.799	4.330	4.264
	0.0003	9.77e+09	5.959	6.794	6.827	6.208	5.785	5.372	4.813	4.343	4.277
	0.0003	1.00e+10	5.976	6.814	6.847	6.226	5.802	5.388	4.828	4.358	4.292
	0.0003	1.02e+10	5.991	6.833	6.866	6.243	5.818	5.402	4.841	4.370	4.303
	0.0003	1.05e+10	6.009	6.854	6.887	6.263	5.837	5.421	4.859	4.388	4.321
	0.0003	1.07e+10	6.024	6.875	6.907	6.280	5.852	5.435	4.872	4.399	4.332
	0.0003	1.10e+10	6.044	6.896	6.929	6.302	5.873	5.456	4.892	4.419	4.352
	0.0003	1.12e+10	6.055	6.912	6.944	6.314	5.885	5.466	4.901	4.428	4.360
	0.0003	1.15e+10	6.060	6.917	6.948	6.319	5.890	5.471	4.906	4.433	4.365
	0.0003	1.18e+10	6.082	6.939	6.968	6.340	5.911	5.493	4.928	4.455	4.387
	0.0003	1.20e+10	6.097	6.956	6.985	6.357	5.927	5.509	4.944	4.470	4.402
	0.0003	1.23e+10	6.114	6.974	7.001	6.374	5.945	5.527	4.962	4.488	4.419
	0.0003	1.26e+10	6.132	6.995	7.019	6.392	5.962	5.544	4.977	4.503	4.434
	0.0003	1.29e+10	6.153	7.016	7.039	6.413	5.984	5.566	5.000	4.525	4.456
	0.0003	1.32e+10	6.176	7.040	7.059	6.434	6.005	5.587	5.020	4.545	4.476
