# File generated by CMD 2.7 (http://stev.oapd.inaf.it/cmd) on Mon Jun 15 15:36:17 CEST 2015
# Basic reference: Marigo et al. (2008, A&A 482, 883) 
# but applying the corrections from Case A in Girardi et al. (2010, ApJ 724, 1030) 
# + Bertelli et al. (1994, A&AS, 106, 275) for the Mi>7.0 Msun interval
# Photometric system: <i>UBVRIJHK</i> (cf. Maiz-Apellaniz 2006 + Bessell 1990)
# Using OBC version of bolometric corrections as detailed in Marigo et al. (2008, A&A 482, 883) and Girardi et al. (2008, PASP 120, 583)
# BCs of Carbon stars derive from Loidl et al. (2001, A&A 342, 531)
# O-rich circumstellar dust ignored
# C-rich circumstellar dust ignored
# IMF: Kroupa (2001, 2002) + Kroupa et al. (2013) canonical two-part-power law IMF corrected for unresolved binaries 
# Kind of output: SSP integrated magnitudes
#	Z	Age		mbol    U       B       V       R       I       J       H       K
	0.0140	3.98e+06	-2.383	-0.923	0.059	0.272	0.359	0.475	0.734	0.794	0.857
	0.0140	4.07e+06	-2.343	-0.907	0.069	0.280	0.365	0.479	0.732	0.790	0.851
	0.0140	4.17e+06	-2.303	-0.893	0.079	0.287	0.370	0.481	0.729	0.784	0.843
	0.0140	4.27e+06	-2.269	-0.879	0.087	0.291	0.372	0.481	0.722	0.774	0.831
	0.0140	4.37e+06	-2.235	-0.866	0.092	0.293	0.372	0.477	0.712	0.760	0.816
	0.0140	4.47e+06	-2.200	-0.855	0.095	0.292	0.368	0.470	0.697	0.741	0.795
	0.0140	4.57e+06	-2.164	-0.847	0.093	0.285	0.357	0.454	0.673	0.713	0.764
	0.0140	4.68e+06	-2.127	-0.839	0.085	0.271	0.340	0.432	0.640	0.676	0.725
	0.0140	4.79e+06	-2.089	-0.835	0.073	0.251	0.315	0.400	0.596	0.627	0.672
	0.0140	4.90e+06	-2.050	-0.831	0.052	0.222	0.279	0.357	0.538	0.562	0.603
	0.0140	5.01e+06	-2.010	-0.828	0.026	0.183	0.233	0.301	0.462	0.479	0.516
	0.0140	5.13e+06	-1.968	-0.823	-0.006	0.137	0.177	0.233	0.370	0.377	0.408
	0.0140	5.25e+06	-1.925	-0.812	-0.037	0.087	0.115	0.155	0.259	0.253	0.277
	0.0140	5.37e+06	-1.880	-0.790	-0.058	0.041	0.053	0.072	0.134	0.109	0.123
	0.0140	5.50e+06	-1.832	-0.724	0.052	0.131	0.111	0.087	0.023	-0.149	-0.164
	0.0140	5.62e+06	-1.780	-0.665	0.165	0.265	0.256	0.245	0.196	0.016	0.000
	0.0140	5.75e+06	-1.727	-0.650	0.129	0.216	0.201	0.183	0.126	-0.052	-0.068
	0.0140	5.89e+06	-1.678	-0.630	0.111	0.189	0.167	0.143	0.078	-0.101	-0.119
	0.0140	6.03e+06	-1.649	-0.619	0.088	0.157	0.131	0.101	0.026	-0.154	-0.173
	0.0140	6.17e+06	-1.619	-0.603	0.065	0.125	0.094	0.057	-0.030	-0.212	-0.233
	0.0140	6.31e+06	-1.588	-0.583	0.053	0.096	0.057	0.010	-0.091	-0.277	-0.300
	0.0140	6.46e+06	-1.556	-0.554	0.042	0.069	0.021	-0.037	-0.157	-0.348	-0.373
	0.0140	6.61e+06	-1.524	-0.517	0.042	0.048	-0.011	-0.083	-0.227	-0.424	-0.453
	0.0140	6.76e+06	-1.491	-0.469	0.062	0.040	-0.036	-0.126	-0.299	-0.507	-0.540
	0.0140	6.92e+06	-1.458	-0.407	0.099	0.045	-0.053	-0.166	-0.375	-0.600	-0.638
	0.0140	7.08e+06	-1.423	-0.334	0.162	0.064	-0.063	-0.203	-0.455	-0.702	-0.745
	0.0140	7.24e+06	-1.387	-0.250	0.248	0.099	-0.062	-0.235	-0.535	-0.812	-0.861
	0.0140	7.41e+06	-1.351	-0.158	0.358	0.154	-0.048	-0.256	-0.613	-0.928	-0.984
	0.0140	7.59e+06	-1.314	-0.065	0.486	0.225	-0.020	-0.267	-0.687	-1.049	-1.110
	0.0140	7.76e+06	-1.277	0.017	0.614	0.311	0.029	-0.251	-0.733	-1.145	-1.213
	0.0140	7.94e+06	-1.238	0.085	0.735	0.417	0.110	-0.196	-0.733	-1.190	-1.263
	0.0140	8.13e+06	-1.199	0.124	0.809	0.516	0.206	-0.113	-0.702	-1.205	-1.289
	0.0140	8.32e+06	-1.160	0.142	0.826	0.565	0.272	-0.038	-0.623	-1.136	-1.224
	0.0140	8.51e+06	-1.128	0.156	0.826	0.574	0.290	-0.013	-0.586	-1.092	-1.179
	0.0140	8.71e+06	-1.097	0.170	0.826	0.584	0.309	0.013	-0.548	-1.049	-1.135
	0.0140	8.91e+06	-1.066	0.183	0.825	0.595	0.329	0.040	-0.510	-1.006	-1.093
	0.0140	9.12e+06	-1.035	0.197	0.827	0.607	0.349	0.068	-0.473	-0.965	-1.051
	0.0140	9.33e+06	-1.003	0.211	0.829	0.621	0.372	0.096	-0.434	-0.924	-1.010
	0.0140	9.55e+06	-0.970	0.227	0.835	0.637	0.395	0.126	-0.397	-0.883	-0.970
	0.0140	9.77e+06	-0.936	0.243	0.842	0.654	0.419	0.156	-0.359	-0.844	-0.931
	0.0140	1.00e+07	-0.902	0.259	0.851	0.672	0.445	0.186	-0.321	-0.806	-0.894
	0.0140	1.02e+07	-0.867	0.277	0.863	0.692	0.472	0.218	-0.283	-0.768	-0.857
	0.0140	1.05e+07	-0.831	0.297	0.877	0.715	0.500	0.251	-0.246	-0.731	-0.821
	0.0140	1.07e+07	-0.793	0.319	0.894	0.739	0.529	0.284	-0.208	-0.695	-0.786
	0.0140	1.10e+07	-0.757	0.341	0.911	0.764	0.560	0.318	-0.170	-0.659	-0.751
	0.0140	1.12e+07	-0.719	0.365	0.930	0.790	0.592	0.353	-0.133	-0.625	-0.718
	0.0140	1.15e+07	-0.681	0.398	0.971	0.841	0.644	0.400	-0.111	-0.632	-0.733
	0.0140	1.17e+07	-0.638	0.440	1.042	0.934	0.744	0.498	-0.031	-0.576	-0.682
	0.0140	1.20e+07	-0.593	0.495	1.119	1.016	0.825	0.575	0.032	-0.526	-0.634
	0.0140	1.23e+07	-0.553	0.524	1.154	1.069	0.890	0.649	0.114	-0.444	-0.553
	0.0140	1.26e+07	-0.524	0.549	1.176	1.091	0.911	0.668	0.125	-0.440	-0.550
	0.0140	1.29e+07	-0.494	0.573	1.198	1.113	0.932	0.686	0.136	-0.435	-0.546
	0.0140	1.32e+07	-0.465	0.598	1.221	1.136	0.953	0.704	0.148	-0.430	-0.543
	0.0140	1.35e+07	-0.435	0.624	1.245	1.159	0.975	0.723	0.159	-0.425	-0.539
	0.0140	1.38e+07	-0.404	0.650	1.269	1.183	0.998	0.742	0.171	-0.419	-0.534
	0.0140	1.41e+07	-0.373	0.678	1.294	1.208	1.021	0.762	0.183	-0.413	-0.529
	0.0140	1.45e+07	-0.341	0.704	1.319	1.233	1.044	0.782	0.195	-0.407	-0.524
	0.0140	1.48e+07	-0.310	0.732	1.344	1.258	1.068	0.802	0.208	-0.401	-0.519
	0.0140	1.51e+07	-0.277	0.761	1.371	1.285	1.092	0.822	0.220	-0.394	-0.514
	0.0140	1.55e+07	-0.244	0.792	1.399	1.312	1.117	0.844	0.233	-0.387	-0.508
	0.0140	1.58e+07	-0.210	0.822	1.428	1.340	1.143	0.865	0.246	-0.381	-0.503
	0.0140	1.62e+07	-0.175	0.855	1.458	1.369	1.169	0.887	0.259	-0.373	-0.496
	0.0140	1.66e+07	-0.138	0.886	1.488	1.401	1.204	0.924	0.299	-0.332	-0.455
	0.0140	1.70e+07	-0.101	0.913	1.520	1.444	1.254	0.982	0.364	-0.265	-0.387
	0.0140	1.74e+07	-0.062	0.953	1.577	1.506	1.316	1.040	0.414	-0.225	-0.348
	0.0140	1.78e+07	-0.030	0.976	1.599	1.530	1.343	1.073	0.456	-0.176	-0.298
	0.0140	1.82e+07	-0.002	0.999	1.619	1.549	1.361	1.090	0.473	-0.160	-0.282
	0.0140	1.86e+07	0.027	1.022	1.640	1.567	1.378	1.107	0.489	-0.144	-0.265
	0.0140	1.91e+07	0.055	1.046	1.660	1.586	1.396	1.123	0.505	-0.128	-0.249
	0.0140	1.95e+07	0.084	1.069	1.681	1.605	1.413	1.140	0.521	-0.112	-0.233
	0.0140	2.00e+07	0.113	1.092	1.701	1.624	1.431	1.157	0.537	-0.096	-0.216
	0.0140	2.04e+07	0.142	1.116	1.722	1.643	1.449	1.174	0.554	-0.080	-0.200
	0.0140	2.09e+07	0.172	1.140	1.743	1.662	1.467	1.191	0.570	-0.064	-0.184
	0.0140	2.14e+07	0.201	1.164	1.764	1.681	1.485	1.208	0.586	-0.047	-0.167
	0.0140	2.19e+07	0.231	1.188	1.785	1.701	1.503	1.225	0.603	-0.031	-0.150
	0.0140	2.24e+07	0.261	1.213	1.807	1.720	1.521	1.242	0.619	-0.015	-0.134
	0.0140	2.29e+07	0.291	1.237	1.828	1.740	1.539	1.259	0.636	0.001	-0.118
	0.0140	2.34e+07	0.322	1.262	1.850	1.760	1.558	1.277	0.653	0.018	-0.101
	0.0140	2.40e+07	0.353	1.288	1.872	1.780	1.577	1.295	0.669	0.034	-0.085
	0.0140	2.45e+07	0.383	1.313	1.894	1.800	1.595	1.312	0.686	0.050	-0.068
	0.0140	2.51e+07	0.414	1.339	1.916	1.820	1.614	1.330	0.703	0.067	-0.051
	0.0140	2.57e+07	0.445	1.364	1.939	1.840	1.633	1.348	0.720	0.083	-0.035
	0.0140	2.63e+07	0.477	1.390	1.961	1.861	1.652	1.366	0.737	0.100	-0.018
	0.0140	2.69e+07	0.508	1.417	1.984	1.882	1.671	1.384	0.754	0.117	-0.001
	0.0140	2.75e+07	0.540	1.444	2.007	1.902	1.691	1.402	0.771	0.133	0.016
	0.0140	2.82e+07	0.573	1.471	2.031	1.924	1.710	1.420	0.788	0.150	0.033
	0.0140	2.88e+07	0.606	1.500	2.055	1.946	1.731	1.439	0.805	0.167	0.050
	0.0140	2.95e+07	0.640	1.529	2.080	1.969	1.752	1.458	0.823	0.183	0.067
	0.0140	3.02e+07	0.675	1.560	2.107	1.992	1.773	1.478	0.841	0.200	0.084
	0.0140	3.09e+07	0.712	1.591	2.134	2.019	1.800	1.507	0.874	0.237	0.121
	0.0140	3.16e+07	0.754	1.613	2.157	2.054	1.850	1.573	0.966	0.344	0.231
	0.0140	3.24e+07	0.794	1.645	2.202	2.110	1.912	1.641	1.037	0.412	0.299
	0.0140	3.31e+07	0.830	1.662	2.216	2.136	1.950	1.693	1.113	0.501	0.390
	0.0140	3.39e+07	0.856	1.677	2.224	2.144	1.961	1.708	1.135	0.529	0.419
	0.0140	3.47e+07	0.882	1.693	2.232	2.152	1.972	1.722	1.158	0.557	0.449
	0.0140	3.55e+07	0.908	1.709	2.241	2.161	1.983	1.737	1.180	0.585	0.478
	0.0140	3.63e+07	0.934	1.725	2.250	2.170	1.994	1.752	1.203	0.614	0.508
	0.0140	3.72e+07	0.960	1.741	2.259	2.180	2.006	1.767	1.226	0.642	0.538
	0.0140	3.80e+07	0.987	1.757	2.268	2.189	2.017	1.783	1.249	0.671	0.568
	0.0140	3.89e+07	1.013	1.772	2.277	2.199	2.029	1.799	1.273	0.700	0.598
	0.0140	3.98e+07	1.038	1.788	2.286	2.208	2.041	1.814	1.295	0.729	0.628
	0.0140	4.07e+07	1.065	1.805	2.296	2.219	2.054	1.830	1.319	0.758	0.658
	0.0140	4.17e+07	1.091	1.821	2.306	2.229	2.067	1.846	1.343	0.788	0.689
	0.0140	4.27e+07	1.118	1.837	2.316	2.240	2.079	1.863	1.367	0.817	0.720
	0.0140	4.37e+07	1.144	1.854	2.326	2.251	2.093	1.879	1.391	0.847	0.750
	0.0140	4.47e+07	1.171	1.870	2.336	2.262	2.106	1.896	1.415	0.877	0.782
	0.0140	4.57e+07	1.198	1.887	2.347	2.273	2.119	1.913	1.439	0.907	0.813
	0.0140	4.68e+07	1.225	1.904	2.358	2.285	2.133	1.930	1.464	0.937	0.845
	0.0140	4.79e+07	1.252	1.921	2.369	2.297	2.147	1.947	1.488	0.968	0.876
	0.0140	4.90e+07	1.279	1.938	2.380	2.309	2.161	1.965	1.513	0.999	0.909
	0.0140	5.01e+07	1.306	1.955	2.391	2.321	2.176	1.982	1.538	1.030	0.941
	0.0140	5.13e+07	1.333	1.972	2.403	2.334	2.190	2.000	1.563	1.061	0.974
	0.0140	5.25e+07	1.362	1.990	2.415	2.347	2.206	2.021	1.593	1.098	1.012
	0.0140	5.37e+07	1.390	2.008	2.428	2.361	2.223	2.041	1.621	1.133	1.048
	0.0140	5.50e+07	1.419	2.030	2.447	2.378	2.240	2.060	1.645	1.162	1.079
	0.0140	5.62e+07	1.448	2.053	2.466	2.395	2.257	2.078	1.668	1.190	1.108
	0.0140	5.75e+07	1.475	2.075	2.485	2.410	2.271	2.091	1.682	1.207	1.125
	0.0140	5.89e+07	1.503	2.098	2.503	2.426	2.285	2.104	1.696	1.224	1.143
	0.0140	6.03e+07	1.530	2.120	2.521	2.441	2.298	2.117	1.710	1.240	1.160
	0.0140	6.17e+07	1.556	2.142	2.540	2.456	2.312	2.130	1.724	1.256	1.177
	0.0140	6.31e+07	1.584	2.164	2.558	2.471	2.326	2.143	1.738	1.273	1.194
	0.0140	6.46e+07	1.611	2.186	2.577	2.487	2.341	2.157	1.753	1.289	1.211
	0.0140	6.61e+07	1.638	2.209	2.596	2.503	2.355	2.171	1.767	1.305	1.227
	0.0140	6.76e+07	1.666	2.232	2.615	2.519	2.370	2.185	1.782	1.321	1.244
	0.0140	6.92e+07	1.694	2.255	2.635	2.536	2.385	2.199	1.796	1.338	1.261
	0.0140	7.08e+07	1.722	2.279	2.654	2.553	2.400	2.214	1.811	1.354	1.277
	0.0140	7.24e+07	1.751	2.302	2.674	2.571	2.419	2.233	1.835	1.382	1.306
	0.0140	7.41e+07	1.779	2.323	2.692	2.588	2.437	2.252	1.859	1.412	1.337
	0.0140	7.59e+07	1.809	2.349	2.717	2.611	2.459	2.274	1.880	1.432	1.358
	0.0140	7.76e+07	1.840	2.375	2.742	2.635	2.482	2.297	1.902	1.454	1.380
	0.0140	7.94e+07	1.868	2.397	2.761	2.653	2.500	2.315	1.925	1.481	1.408
	0.0140	8.13e+07	1.894	2.419	2.779	2.669	2.514	2.328	1.937	1.494	1.422
	0.0140	8.32e+07	1.920	2.441	2.797	2.684	2.528	2.342	1.950	1.508	1.436
	0.0140	8.51e+07	1.945	2.463	2.815	2.700	2.543	2.355	1.963	1.522	1.450
	0.0140	8.71e+07	1.971	2.485	2.834	2.716	2.557	2.368	1.975	1.535	1.463
	0.0140	8.91e+07	1.997	2.508	2.852	2.732	2.572	2.382	1.988	1.548	1.476
	0.0140	9.12e+07	2.024	2.531	2.871	2.748	2.587	2.396	2.001	1.561	1.490
	0.0140	9.33e+07	2.050	2.554	2.890	2.765	2.603	2.410	2.014	1.574	1.503
	0.0140	9.55e+07	2.076	2.577	2.909	2.781	2.618	2.424	2.027	1.587	1.516
	0.0140	9.77e+07	2.103	2.601	2.928	2.799	2.634	2.438	2.040	1.599	1.529
	0.0140	1.00e+08	2.130	2.625	2.947	2.816	2.650	2.453	2.053	1.613	1.542
	0.0140	1.02e+08	2.157	2.649	2.967	2.833	2.666	2.468	2.067	1.626	1.555
	0.0140	1.05e+08	2.184	2.674	2.987	2.851	2.682	2.483	2.080	1.638	1.567
	0.0140	1.07e+08	2.211	2.699	3.007	2.869	2.699	2.498	2.093	1.650	1.580
	0.0140	1.10e+08	2.238	2.723	3.026	2.887	2.716	2.515	2.110	1.667	1.597
	0.0140	1.12e+08	2.265	2.747	3.046	2.905	2.734	2.532	2.125	1.682	1.612
	0.0140	1.15e+08	2.293	2.774	3.069	2.926	2.754	2.550	2.140	1.695	1.624
	0.0140	1.17e+08	2.321	2.799	3.088	2.946	2.773	2.569	2.158	1.713	1.642
	0.0140	1.20e+08	2.295	2.822	3.106	2.962	2.784	2.556	1.941	1.355	1.235
	0.0140	1.23e+08	2.317	2.845	3.123	2.978	2.800	2.569	1.942	1.349	1.227
	0.0140	1.26e+08	2.339	2.868	3.141	2.994	2.815	2.583	1.944	1.344	1.220
	0.0140	1.29e+08	2.360	2.891	3.158	3.011	2.831	2.597	1.943	1.336	1.210
	0.0140	1.32e+08	2.382	2.915	3.176	3.027	2.847	2.611	1.946	1.333	1.204
	0.0140	1.35e+08	2.403	2.938	3.194	3.044	2.863	2.625	1.944	1.322	1.192
	0.0140	1.38e+08	2.426	2.962	3.212	3.061	2.881	2.641	1.949	1.322	1.189
	0.0140	1.41e+08	2.447	2.986	3.229	3.078	2.897	2.656	1.948	1.313	1.178
	0.0140	1.45e+08	2.470	3.012	3.251	3.098	2.916	2.672	1.950	1.307	1.170
	0.0140	1.48e+08	2.492	3.040	3.273	3.120	2.936	2.688	1.947	1.295	1.156
	0.0140	1.51e+08	2.514	3.065	3.292	3.138	2.955	2.705	1.952	1.295	1.154
	0.0140	1.55e+08	2.541	3.089	3.310	3.157	2.974	2.725	1.971	1.313	1.171
	0.0140	1.59e+08	2.564	3.113	3.328	3.173	2.989	2.739	1.979	1.318	1.176
	0.0140	1.62e+08	2.587	3.138	3.347	3.190	3.006	2.754	1.986	1.323	1.180
	0.0140	1.66e+08	2.610	3.163	3.365	3.206	3.022	2.769	1.995	1.329	1.184
	0.0140	1.70e+08	2.633	3.189	3.383	3.224	3.038	2.785	2.004	1.335	1.191
	0.0140	1.74e+08	2.656	3.215	3.402	3.241	3.055	2.800	2.012	1.341	1.195
	0.0140	1.78e+08	2.679	3.240	3.421	3.259	3.072	2.815	2.021	1.346	1.200
	0.0140	1.82e+08	2.703	3.265	3.440	3.277	3.090	2.833	2.031	1.353	1.205
	0.0140	1.86e+08	2.725	3.290	3.459	3.294	3.108	2.849	2.039	1.358	1.210
	0.0140	1.91e+08	2.748	3.317	3.479	3.314	3.127	2.866	2.047	1.362	1.213
	0.0140	1.95e+08	2.771	3.344	3.500	3.333	3.146	2.883	2.056	1.368	1.218
	0.0140	2.00e+08	2.794	3.370	3.518	3.351	3.163	2.899	2.065	1.374	1.223
	0.0140	2.04e+08	2.816	3.396	3.538	3.370	3.181	2.916	2.074	1.380	1.228
	0.0140	2.09e+08	2.848	3.422	3.557	3.387	3.199	2.934	2.110	1.423	1.273
	0.0140	2.14e+08	2.857	3.447	3.575	3.403	3.212	2.941	2.085	1.384	1.230
	0.0140	2.19e+08	2.866	3.473	3.594	3.419	3.226	2.948	2.060	1.346	1.189
	0.0140	2.24e+08	2.875	3.500	3.613	3.436	3.240	2.955	2.035	1.308	1.148
	0.0140	2.29e+08	2.884	3.526	3.632	3.452	3.255	2.963	2.013	1.275	1.112
	0.0140	2.34e+08	2.892	3.553	3.651	3.466	3.263	2.962	2.005	1.258	1.089
	0.0140	2.40e+08	2.900	3.580	3.671	3.482	3.275	2.965	1.989	1.233	1.059
	0.0140	2.45e+08	2.908	3.606	3.690	3.496	3.284	2.965	1.982	1.218	1.038
	0.0140	2.51e+08	2.916	3.632	3.708	3.511	3.293	2.966	1.977	1.205	1.018
	0.0140	2.57e+08	2.924	3.658	3.726	3.521	3.295	2.956	1.988	1.211	1.014
	0.0140	2.63e+08	2.930	3.684	3.745	3.534	3.301	2.954	1.984	1.201	0.997
	0.0140	2.69e+08	2.937	3.710	3.764	3.551	3.315	2.960	1.967	1.174	0.968
	0.0140	2.75e+08	2.943	3.736	3.782	3.562	3.317	2.953	1.972	1.175	0.960
	0.0140	2.82e+08	2.949	3.762	3.802	3.578	3.331	2.960	1.957	1.151	0.934
	0.0140	2.88e+08	2.955	3.790	3.823	3.596	3.345	2.967	1.940	1.126	0.907
	0.0140	2.95e+08	2.961	3.816	3.843	3.612	3.359	2.973	1.925	1.103	0.882
	0.0140	3.02e+08	2.999	3.843	3.861	3.623	3.364	2.983	1.997	1.187	0.960
	0.0140	3.09e+08	3.018	3.870	3.882	3.640	3.379	2.995	2.007	1.195	0.967
	0.0140	3.16e+08	3.037	3.898	3.902	3.657	3.394	3.008	2.017	1.204	0.975
	0.0140	3.24e+08	3.057	3.925	3.923	3.674	3.410	3.022	2.028	1.213	0.983
	0.0140	3.31e+08	3.076	3.953	3.944	3.692	3.425	3.035	2.039	1.224	0.993
	0.0140	3.39e+08	3.096	3.980	3.965	3.709	3.441	3.049	2.050	1.233	1.002
	0.0140	3.47e+08	3.115	4.008	3.987	3.726	3.456	3.062	2.061	1.243	1.011
	0.0140	3.55e+08	3.134	4.036	4.008	3.744	3.472	3.075	2.073	1.254	1.021
	0.0140	3.63e+08	3.154	4.064	4.030	3.762	3.489	3.090	2.085	1.264	1.031
	0.0140	3.72e+08	3.173	4.091	4.052	3.780	3.505	3.104	2.097	1.275	1.041
	0.0140	3.80e+08	3.192	4.119	4.073	3.798	3.520	3.117	2.108	1.285	1.050
	0.0140	3.89e+08	3.211	4.147	4.096	3.816	3.536	3.131	2.119	1.296	1.061
	0.0140	3.98e+08	3.230	4.175	4.118	3.833	3.552	3.144	2.131	1.306	1.071
	0.0140	4.07e+08	3.249	4.203	4.140	3.851	3.567	3.157	2.142	1.316	1.080
	0.0140	4.17e+08	3.268	4.231	4.162	3.868	3.582	3.170	2.154	1.328	1.092
	0.0140	4.27e+08	3.286	4.259	4.184	3.886	3.597	3.182	2.164	1.338	1.101
	0.0140	4.37e+08	3.305	4.287	4.207	3.904	3.613	3.195	2.176	1.350	1.113
	0.0140	4.47e+08	3.323	4.316	4.231	3.921	3.627	3.207	2.187	1.360	1.123
	0.0140	4.57e+08	3.343	4.345	4.255	3.940	3.643	3.221	2.202	1.375	1.138
	0.0140	4.68e+08	3.364	4.374	4.278	3.958	3.659	3.236	2.215	1.390	1.152
	0.0140	4.79e+08	3.383	4.403	4.303	3.977	3.675	3.250	2.227	1.401	1.163
	0.0140	4.90e+08	3.404	4.432	4.327	3.996	3.692	3.265	2.242	1.417	1.179
	0.0140	5.01e+08	3.425	4.461	4.352	4.015	3.708	3.280	2.256	1.431	1.193
	0.0140	5.13e+08	3.445	4.491	4.378	4.034	3.725	3.294	2.270	1.445	1.208
	0.0140	5.25e+08	3.466	4.521	4.404	4.054	3.742	3.309	2.284	1.460	1.222
	0.0140	5.37e+08	3.486	4.550	4.429	4.070	3.752	3.316	2.310	1.488	1.247
	0.0140	5.50e+08	3.507	4.581	4.457	4.091	3.770	3.331	2.325	1.503	1.263
	0.0140	5.62e+08	5.560	5.900	5.878	5.590	5.396	5.204	4.930	4.684	4.643
	0.0140	5.76e+08	5.557	5.897	5.875	5.587	5.392	5.200	4.926	4.681	4.640
	0.0140	5.89e+08	5.554	5.894	5.872	5.583	5.388	5.196	4.922	4.677	4.636
	0.0140	6.03e+08	5.551	5.891	5.869	5.579	5.384	5.191	4.918	4.673	4.632
	0.0140	6.17e+08	5.546	5.887	5.864	5.574	5.379	5.186	4.913	4.668	4.628
	0.0140	6.31e+08	5.542	5.882	5.859	5.569	5.373	5.181	4.908	4.664	4.623
	0.0140	6.46e+08	5.537	5.877	5.854	5.563	5.368	5.175	4.903	4.659	4.619
	0.0140	6.61e+08	5.533	5.873	5.850	5.558	5.362	5.170	4.897	4.654	4.614
	0.0140	6.76e+08	5.529	5.869	5.846	5.554	5.357	5.165	4.892	4.649	4.609
	0.0140	6.92e+08	5.524	5.864	5.841	5.548	5.351	5.159	4.887	4.644	4.604
	0.0140	7.08e+08	5.520	5.860	5.837	5.543	5.346	5.153	4.881	4.639	4.599
	0.0140	7.25e+08	5.516	5.857	5.834	5.539	5.341	5.147	4.875	4.633	4.594
	0.0140	7.41e+08	5.511	5.852	5.829	5.533	5.334	5.141	4.869	4.627	4.588
	0.0140	7.59e+08	5.507	5.848	5.825	5.528	5.328	5.135	4.862	4.621	4.582
	0.0140	7.76e+08	5.502	5.844	5.821	5.522	5.322	5.128	4.856	4.615	4.576
	0.0140	7.94e+08	5.497	5.840	5.817	5.517	5.316	5.121	4.849	4.608	4.569
	0.0140	8.13e+08	5.493	5.836	5.814	5.511	5.309	5.114	4.842	4.601	4.562
	0.0140	8.32e+08	5.488	5.832	5.810	5.505	5.303	5.107	4.834	4.594	4.555
	0.0140	8.51e+08	5.483	5.827	5.805	5.499	5.295	5.099	4.826	4.586	4.548
	0.0140	8.71e+08	5.476	5.822	5.800	5.492	5.287	5.090	4.817	4.578	4.539
	0.0140	8.91e+08	5.471	5.817	5.796	5.485	5.279	5.081	4.808	4.569	4.530
	0.0140	9.12e+08	5.465	5.813	5.792	5.479	5.272	5.073	4.799	4.560	4.521
	0.0140	9.33e+08	5.460	5.809	5.789	5.473	5.264	5.064	4.789	4.550	4.512
	0.0140	9.55e+08	5.455	5.805	5.787	5.468	5.256	5.055	4.779	4.540	4.502
	0.0140	9.77e+08	5.449	5.802	5.784	5.461	5.248	5.045	4.768	4.529	4.491
	0.0140	1.00e+09	5.443	5.798	5.781	5.455	5.239	5.034	4.756	4.517	4.479
	0.0140	1.02e+09	5.438	5.795	5.779	5.449	5.231	5.024	4.745	4.505	4.467
	0.0140	1.05e+09	5.432	5.792	5.777	5.443	5.221	5.012	4.731	4.491	4.454
	0.0140	1.07e+09	5.480	5.847	5.835	5.494	5.268	5.055	4.768	4.522	4.484
	0.0140	1.10e+09	5.446	5.814	5.803	5.458	5.230	5.015	4.728	4.484	4.446
	0.0140	1.12e+09	5.420	5.792	5.782	5.431	5.199	4.982	4.694	4.450	4.412
	0.0140	1.15e+09	5.419	5.797	5.788	5.431	5.196	4.976	4.684	4.438	4.401
	0.0140	1.18e+09	5.409	5.793	5.785	5.421	5.182	4.958	4.663	4.415	4.378
	0.0140	1.20e+09	5.394	5.786	5.778	5.407	5.163	4.936	4.637	4.387	4.350
	0.0140	1.23e+09	5.362	5.805	5.787	5.391	5.129	4.885	4.554	4.271	4.230
	0.0140	1.26e+09	5.441	5.851	5.843	5.459	5.206	4.971	4.663	4.404	4.366
	0.0140	1.29e+09	5.382	5.869	5.845	5.426	5.149	4.889	4.531	4.221	4.176
	0.0140	1.32e+09	5.165	5.878	5.811	5.308	4.967	4.640	4.140	3.684	3.616
	0.0140	1.35e+09	5.121	5.892	5.809	5.280	4.923	4.583	4.063	3.592	3.523
	0.0140	1.38e+09	5.094	5.911	5.817	5.266	4.897	4.546	4.009	3.526	3.455
	0.0140	1.41e+09	5.041	5.915	5.807	5.233	4.850	4.488	3.934	3.438	3.366
	0.0140	1.45e+09	5.022	5.932	5.819	5.232	4.841	4.471	3.904	3.398	3.324
	0.0140	1.48e+09	5.000	5.958	5.832	5.224	4.822	4.442	3.859	3.342	3.265
	0.0140	1.51e+09	4.980	5.981	5.844	5.218	4.805	4.416	3.819	3.290	3.212
	0.0140	1.55e+09	4.915	5.968	5.843	5.216	4.799	4.405	3.798	3.260	3.180
	0.0140	1.59e+09	4.873	5.974	5.849	5.212	4.792	4.395	3.784	3.245	3.165
	0.0140	1.62e+09	4.923	6.036	5.871	5.201	4.766	4.359	3.735	3.189	3.108
	0.0140	1.66e+09	4.436	6.069	5.864	5.135	4.631	4.088	2.993	2.195	2.017
	0.0140	1.70e+09	4.462	6.102	5.896	5.165	4.661	4.117	3.005	2.208	2.034
	0.0140	1.74e+09	4.489	6.136	5.930	5.194	4.688	4.142	3.032	2.236	2.062
	0.0140	1.78e+09	4.518	6.171	5.965	5.227	4.722	4.176	3.049	2.253	2.082
	0.0140	1.82e+09	4.549	6.207	6.000	5.260	4.752	4.204	3.080	2.284	2.114
	0.0140	1.86e+09	4.640	6.245	6.041	5.306	4.807	4.275	3.174	2.395	2.234
	0.0140	1.91e+09	4.657	6.276	6.068	5.326	4.824	4.289	3.190	2.410	2.250
	0.0140	1.95e+09	4.678	6.306	6.094	5.346	4.841	4.304	3.209	2.431	2.272
	0.0140	2.00e+09	4.695	6.337	6.121	5.367	4.858	4.318	3.224	2.446	2.287
	0.0140	2.04e+09	4.715	6.369	6.148	5.387	4.875	4.334	3.243	2.466	2.308
	0.0140	2.09e+09	4.738	6.401	6.178	5.412	4.897	4.354	3.266	2.488	2.331
	0.0140	2.14e+09	4.778	6.435	6.211	5.445	4.932	4.391	3.308	2.533	2.377
	0.0140	2.19e+09	4.798	6.466	6.237	5.464	4.949	4.407	3.327	2.553	2.397
	0.0140	2.24e+09	4.819	6.497	6.263	5.484	4.966	4.424	3.348	2.576	2.421
	0.0140	2.29e+09	4.841	6.530	6.290	5.505	4.985	4.442	3.369	2.598	2.444
	0.0140	2.34e+09	4.867	6.562	6.318	5.527	5.005	4.462	3.396	2.627	2.474
	0.0140	2.40e+09	4.896	6.595	6.347	5.551	5.028	4.486	3.426	2.659	2.507
	0.0140	2.46e+09	4.913	6.627	6.373	5.572	5.046	4.502	3.441	2.674	2.522
	0.0140	2.51e+09	4.934	6.658	6.399	5.592	5.065	4.519	3.461	2.695	2.544
	0.0140	2.57e+09	4.949	6.689	6.425	5.613	5.083	4.535	3.473	2.706	2.555
	0.0140	2.63e+09	4.966	6.720	6.450	5.634	5.101	4.551	3.489	2.720	2.570
	0.0140	2.69e+09	4.983	6.750	6.475	5.654	5.120	4.568	3.503	2.734	2.583
	0.0140	2.75e+09	5.002	6.779	6.500	5.677	5.141	4.587	3.521	2.751	2.601
	0.0140	2.82e+09	5.020	6.808	6.525	5.698	5.160	4.604	3.538	2.767	2.617
	0.0140	2.88e+09	5.051	6.834	6.546	5.715	5.177	4.624	3.574	2.809	2.662
	0.0140	2.95e+09	5.069	6.867	6.573	5.736	5.195	4.640	3.589	2.824	2.676
	0.0140	3.02e+09	5.086	6.898	6.599	5.756	5.212	4.655	3.606	2.840	2.693
	0.0140	3.09e+09	5.101	6.928	6.624	5.775	5.229	4.669	3.618	2.852	2.705
	0.0140	3.16e+09	5.121	6.958	6.649	5.797	5.248	4.687	3.637	2.871	2.725
	0.0140	3.24e+09	5.139	6.989	6.675	5.818	5.268	4.705	3.654	2.887	2.741
	0.0140	3.31e+09	5.158	7.022	6.703	5.842	5.290	4.725	3.670	2.903	2.756
	0.0140	3.39e+09	5.187	7.056	6.734	5.870	5.317	4.752	3.699	2.932	2.786
	0.0140	3.47e+09	5.213	7.088	6.765	5.899	5.344	4.779	3.723	2.955	2.809
	0.0140	3.55e+09	5.252	7.115	6.790	5.924	5.370	4.807	3.767	3.005	2.861
	0.0140	3.63e+09	5.271	7.140	6.813	5.944	5.389	4.825	3.787	3.025	2.881
	0.0140	3.72e+09	5.294	7.166	6.836	5.965	5.409	4.845	3.810	3.048	2.905
	0.0140	3.80e+09	5.312	7.192	6.861	5.988	5.431	4.865	3.826	3.064	2.920
	0.0140	3.89e+09	5.339	7.220	6.888	6.015	5.457	4.891	3.853	3.091	2.947
	0.0140	3.98e+09	5.401	7.252	6.929	6.065	5.514	4.954	3.919	3.160	3.016
	0.0140	4.07e+09	5.420	7.276	6.950	6.083	5.531	4.971	3.938	3.179	3.035
	0.0140	4.17e+09	5.439	7.299	6.970	6.102	5.549	4.989	3.957	3.199	3.055
	0.0140	4.27e+09	5.454	7.323	6.990	6.119	5.564	5.003	3.971	3.212	3.069
	0.0140	4.37e+09	5.478	7.346	7.011	6.138	5.583	5.022	3.996	3.241	3.098
	0.0140	4.47e+09	5.491	7.351	7.015	6.142	5.588	5.029	4.016	3.265	3.124
	0.0140	4.57e+09	5.512	7.375	7.037	6.162	5.607	5.048	4.037	3.287	3.147
	0.0140	4.68e+09	5.526	7.397	7.056	6.178	5.621	5.062	4.049	3.299	3.158
	0.0140	4.79e+09	5.537	7.405	7.065	6.190	5.634	5.074	4.061	3.310	3.170
	0.0140	4.90e+09	5.550	7.426	7.083	6.206	5.649	5.088	4.073	3.321	3.180
	0.0140	5.01e+09	5.569	7.448	7.102	6.223	5.666	5.105	4.091	3.341	3.200
	0.0140	5.13e+09	5.583	7.469	7.120	6.238	5.680	5.119	4.104	3.353	3.212
	0.0140	5.25e+09	5.598	7.490	7.139	6.255	5.696	5.134	4.119	3.368	3.227
	0.0140	5.37e+09	5.618	7.514	7.161	6.276	5.716	5.154	4.138	3.387	3.246
	0.0140	5.50e+09	5.636	7.535	7.179	6.292	5.731	5.169	4.157	3.407	3.266
	0.0140	5.62e+09	5.651	7.557	7.198	6.309	5.747	5.184	4.171	3.421	3.281
	0.0140	5.76e+09	5.676	7.584	7.226	6.337	5.775	5.211	4.195	3.444	3.303
	0.0140	5.89e+09	5.719	7.622	7.256	6.363	5.801	5.240	4.242	3.498	3.359
	0.0140	6.03e+09	5.738	7.648	7.279	6.383	5.820	5.258	4.260	3.516	3.377
	0.0140	6.17e+09	5.758	7.673	7.300	6.402	5.838	5.275	4.280	3.536	3.399
	0.0140	6.31e+09	5.774	7.697	7.321	6.420	5.854	5.290	4.295	3.552	3.414
	0.0140	6.46e+09	5.790	7.721	7.342	6.439	5.872	5.307	4.310	3.567	3.429
	0.0140	6.61e+09	5.809	7.740	7.360	6.456	5.888	5.323	4.329	3.586	3.449
	0.0140	6.76e+09	5.826	7.738	7.364	6.465	5.900	5.338	4.350	3.610	3.473
	0.0140	6.92e+09	5.842	7.764	7.386	6.484	5.918	5.354	4.366	3.625	3.488
	0.0140	7.08e+09	5.856	7.789	7.408	6.504	5.936	5.370	4.376	3.634	3.496
	0.0140	7.25e+09	5.881	7.814	7.429	6.523	5.956	5.391	4.402	3.662	3.526
	0.0140	7.41e+09	5.902	7.836	7.449	6.542	5.974	5.410	4.425	3.686	3.550
	0.0140	7.59e+09	5.918	7.860	7.470	6.562	5.993	5.428	4.439	3.699	3.562
	0.0140	7.76e+09	5.950	7.886	7.496	6.587	6.018	5.454	4.473	3.736	3.601
	0.0140	7.94e+09	5.963	7.910	7.516	6.605	6.035	5.469	4.484	3.746	3.610
	0.0140	8.13e+09	5.984	7.936	7.536	6.623	6.052	5.487	4.506	3.769	3.634
	0.0140	8.32e+09	6.003	7.963	7.558	6.641	6.069	5.504	4.525	3.790	3.655
	0.0140	8.51e+09	6.021	7.989	7.578	6.658	6.085	5.520	4.542	3.807	3.672
	0.0140	8.71e+09	6.031	8.013	7.594	6.670	6.096	5.529	4.551	3.817	3.682
	0.0140	8.91e+09	5.990	8.029	7.591	6.652	6.069	5.492	4.501	3.759	3.624
	0.0140	9.12e+09	6.010	8.059	7.615	6.673	6.088	5.511	4.519	3.777	3.642
	0.0140	9.33e+09	6.031	8.090	7.640	6.695	6.109	5.531	4.540	3.799	3.663
	0.0140	9.55e+09	6.046	8.120	7.665	6.716	6.128	5.548	4.553	3.810	3.674
	0.0140	9.77e+09	6.068	8.152	7.690	6.738	6.149	5.568	4.573	3.830	3.694
	0.0140	1.00e+10	6.099	8.183	7.716	6.761	6.171	5.592	4.607	3.868	3.734
	0.0140	1.02e+10	6.104	8.195	7.732	6.776	6.184	5.603	4.611	3.869	3.734
	0.0140	1.05e+10	6.120	8.225	7.755	6.796	6.203	5.620	4.625	3.882	3.747
	0.0140	1.07e+10	6.136	8.255	7.779	6.817	6.222	5.637	4.639	3.895	3.759
	0.0140	1.10e+10	6.153	8.285	7.804	6.838	6.241	5.654	4.655	3.909	3.774
	0.0140	1.12e+10	6.167	8.315	7.827	6.858	6.259	5.669	4.666	3.919	3.783
	0.0140	1.15e+10	6.187	8.344	7.851	6.879	6.277	5.687	4.687	3.941	3.805
	0.0140	1.18e+10	6.209	8.375	7.877	6.902	6.300	5.709	4.707	3.961	3.825
	0.0140	1.20e+10	6.234	8.406	7.902	6.924	6.321	5.729	4.733	3.989	3.854
	0.0140	1.23e+10	6.254	8.444	7.932	6.949	6.343	5.750	4.751	4.006	3.870
	0.0140	1.26e+10	6.270	8.475	7.957	6.971	6.363	5.768	4.764	4.018	3.882
	0.0140	1.29e+10	6.288	8.507	7.983	6.993	6.384	5.787	4.781	4.033	3.897
	0.0140	1.32e+10	6.306	8.546	8.008	7.012	6.400	5.802	4.796	4.048	3.912
