# File generated by CMD 2.7 (http://stev.oapd.inaf.it/cmd) on Mon Jun 15 15:19:21 CEST 2015
# Basic reference: Marigo et al. (2008, A&A 482, 883) 
# but applying the corrections from Case A in Girardi et al. (2010, ApJ 724, 1030) 
# + Bertelli et al. (1994, A&AS, 106, 275) for the Mi>7.0 Msun interval
# Photometric system: <i>UBVRIJHK</i> (cf. Maiz-Apellaniz 2006 + Bessell 1990)
# Using OBC version of bolometric corrections as detailed in Marigo et al. (2008, A&A 482, 883) and Girardi et al. (2008, PASP 120, 583)
# BCs of Carbon stars derive from Loidl et al. (2001, A&A 342, 531)
# O-rich circumstellar dust ignored
# C-rich circumstellar dust ignored
# IMF: Kroupa (2001, 2002) + Kroupa et al. (2013) canonical two-part-power law IMF corrected for unresolved binaries 
# Kind of output: SSP integrated magnitudes
#	Z	Age		mbol    U       B       V       R       I       J       H       K
	0.0250	3.98e+06	-2.306	-1.101	-0.183	0.012	0.089	0.197	0.456	0.522	0.586
	0.0250	4.07e+06	-2.270	-1.072	-0.167	0.024	0.098	0.202	0.453	0.516	0.577
	0.0250	4.17e+06	-2.255	-1.038	-0.144	0.042	0.113	0.214	0.457	0.517	0.576
	0.0250	4.27e+06	-2.219	-1.000	-0.118	0.065	0.134	0.231	0.466	0.522	0.579
	0.0250	4.37e+06	-2.181	-0.951	-0.078	0.102	0.169	0.263	0.490	0.542	0.597
	0.0250	4.47e+06	-2.142	-0.902	-0.044	0.130	0.193	0.282	0.498	0.545	0.597
	0.0250	4.57e+06	-2.102	-0.830	0.047	0.222	0.285	0.374	0.586	0.626	0.676
	0.0250	4.68e+06	-2.065	-0.791	0.100	0.281	0.346	0.439	0.657	0.698	0.749
	0.0250	4.79e+06	-2.035	-0.749	0.156	0.338	0.404	0.496	0.711	0.746	0.796
	0.0250	4.90e+06	-2.004	-0.709	0.208	0.391	0.456	0.547	0.755	0.780	0.827
	0.0250	5.01e+06	-1.969	-0.675	0.253	0.435	0.499	0.587	0.782	0.792	0.835
	0.0250	5.13e+06	-1.931	-0.654	0.283	0.462	0.523	0.606	0.783	0.776	0.813
	0.0250	5.25e+06	-1.896	-0.649	0.285	0.460	0.515	0.591	0.743	0.713	0.743
	0.0250	5.37e+06	-1.861	-0.663	0.245	0.407	0.451	0.512	0.629	0.572	0.592
	0.0250	5.50e+06	-1.825	-0.679	0.166	0.296	0.318	0.349	0.398	0.306	0.312
	0.0250	5.62e+06	-1.788	-0.653	0.152	0.208	0.174	0.136	0.043	-0.132	-0.155
	0.0250	5.75e+06	-1.746	-0.627	0.222	0.242	0.159	0.064	-0.171	-0.464	-0.513
	0.0250	5.89e+06	-1.700	-0.669	0.138	0.176	0.111	0.034	-0.169	-0.449	-0.495
	0.0250	6.03e+06	-1.647	-0.676	0.062	0.092	0.025	-0.051	-0.245	-0.514	-0.559
	0.0250	6.17e+06	-1.590	-0.613	0.105	0.128	0.056	-0.027	-0.234	-0.511	-0.559
	0.0250	6.31e+06	-1.557	-0.594	0.100	0.117	0.044	-0.042	-0.253	-0.531	-0.581
	0.0250	6.46e+06	-1.525	-0.569	0.092	0.105	0.029	-0.060	-0.276	-0.556	-0.607
	0.0250	6.61e+06	-1.491	-0.537	0.086	0.092	0.014	-0.079	-0.303	-0.585	-0.638
	0.0250	6.76e+06	-1.457	-0.501	0.092	0.084	-0.001	-0.102	-0.335	-0.619	-0.674
	0.0250	6.92e+06	-1.422	-0.457	0.106	0.079	-0.015	-0.125	-0.372	-0.660	-0.717
	0.0250	7.08e+06	-1.385	-0.400	0.132	0.081	-0.023	-0.146	-0.413	-0.706	-0.765
	0.0250	7.24e+06	-1.347	-0.329	0.182	0.099	-0.024	-0.165	-0.458	-0.759	-0.822
	0.0250	7.41e+06	-1.310	-0.249	0.260	0.134	-0.016	-0.182	-0.510	-0.824	-0.891
	0.0250	7.59e+06	-1.271	-0.160	0.370	0.183	-0.005	-0.202	-0.569	-0.903	-0.974
	0.0250	7.76e+06	-1.231	-0.068	0.497	0.245	0.014	-0.218	-0.631	-0.992	-1.067
	0.0250	7.94e+06	-1.191	0.021	0.626	0.322	0.048	-0.221	-0.690	-1.087	-1.167
	0.0250	8.13e+06	-1.150	0.102	0.752	0.412	0.098	-0.207	-0.741	-1.186	-1.269
	0.0250	8.32e+06	-1.109	0.174	0.870	0.516	0.169	-0.171	-0.784	-1.283	-1.375
	0.0250	8.51e+06	-1.066	0.236	0.977	0.634	0.264	-0.114	-0.817	-1.379	-1.485
	0.0250	8.71e+06	-1.022	0.276	1.068	0.783	0.410	0.002	-0.778	-1.400	-1.524
	0.0250	8.91e+06	-0.977	0.304	1.132	0.921	0.562	0.132	-0.702	-1.377	-1.517
	0.0250	9.12e+06	-0.932	0.328	1.166	1.002	0.670	0.245	-0.595	-1.289	-1.433
	0.0250	9.33e+06	-0.897	0.351	1.180	1.014	0.691	0.280	-0.540	-1.223	-1.364
	0.0250	9.55e+06	-0.867	0.372	1.190	1.018	0.698	0.293	-0.512	-1.188	-1.327
	0.0250	9.77e+06	-0.837	0.393	1.199	1.024	0.708	0.309	-0.484	-1.154	-1.292
	0.0250	1.00e+07	-0.807	0.413	1.208	1.031	0.721	0.328	-0.455	-1.122	-1.259
	0.0250	1.02e+07	-0.775	0.434	1.216	1.040	0.736	0.348	-0.426	-1.090	-1.228
	0.0250	1.05e+07	-0.742	0.454	1.223	1.050	0.754	0.371	-0.396	-1.059	-1.197
	0.0250	1.07e+07	-0.709	0.473	1.228	1.062	0.773	0.396	-0.366	-1.029	-1.168
	0.0250	1.10e+07	-0.677	0.492	1.233	1.075	0.795	0.423	-0.336	-1.000	-1.140
	0.0250	1.12e+07	-0.643	0.510	1.238	1.090	0.819	0.451	-0.306	-0.973	-1.114
	0.0250	1.15e+07	-0.610	0.529	1.244	1.108	0.845	0.481	-0.277	-0.947	-1.088
	0.0250	1.17e+07	-0.575	0.549	1.251	1.127	0.872	0.511	-0.248	-0.923	-1.065
	0.0250	1.20e+07	-0.540	0.570	1.261	1.149	0.901	0.543	-0.220	-0.899	-1.042
	0.0250	1.23e+07	-0.504	0.592	1.275	1.173	0.932	0.575	-0.192	-0.876	-1.020
	0.0250	1.26e+07	-0.466	0.614	1.292	1.202	0.969	0.618	-0.144	-0.829	-0.973
	0.0250	1.29e+07	-0.427	0.629	1.308	1.239	1.024	0.689	-0.058	-0.740	-0.883
	0.0250	1.32e+07	-0.385	0.673	1.371	1.305	1.088	0.752	-0.001	-0.686	-0.828
	0.0250	1.35e+07	-0.349	0.702	1.399	1.334	1.122	0.793	0.052	-0.626	-0.767
	0.0250	1.38e+07	-0.319	0.730	1.427	1.356	1.139	0.806	0.060	-0.619	-0.759
	0.0250	1.41e+07	-0.290	0.759	1.454	1.379	1.158	0.821	0.070	-0.611	-0.751
	0.0250	1.45e+07	-0.260	0.787	1.483	1.403	1.178	0.837	0.081	-0.602	-0.742
	0.0250	1.48e+07	-0.229	0.816	1.512	1.428	1.199	0.854	0.092	-0.592	-0.733
	0.0250	1.51e+07	-0.198	0.845	1.542	1.454	1.222	0.872	0.105	-0.582	-0.723
	0.0250	1.55e+07	-0.167	0.873	1.572	1.481	1.245	0.892	0.119	-0.572	-0.712
	0.0250	1.58e+07	-0.135	0.903	1.602	1.509	1.270	0.912	0.134	-0.561	-0.702
	0.0250	1.62e+07	-0.103	0.932	1.633	1.539	1.297	0.933	0.149	-0.549	-0.691
	0.0250	1.66e+07	-0.069	0.963	1.666	1.570	1.325	0.957	0.165	-0.537	-0.680
	0.0250	1.70e+07	-0.035	0.994	1.698	1.603	1.354	0.981	0.182	-0.525	-0.668
	0.0250	1.74e+07	-0.000	1.026	1.732	1.636	1.385	1.006	0.200	-0.512	-0.657
	0.0250	1.78e+07	0.035	1.059	1.766	1.672	1.417	1.033	0.218	-0.499	-0.644
	0.0250	1.82e+07	0.074	1.084	1.796	1.713	1.467	1.092	0.288	-0.425	-0.570
	0.0250	1.86e+07	0.113	1.111	1.830	1.764	1.526	1.156	0.352	-0.366	-0.511
	0.0250	1.91e+07	0.149	1.131	1.846	1.784	1.556	1.199	0.414	-0.294	-0.437
	0.0250	1.95e+07	0.177	1.151	1.860	1.797	1.569	1.215	0.436	-0.270	-0.412
	0.0250	2.00e+07	0.204	1.170	1.874	1.810	1.583	1.232	0.457	-0.246	-0.387
	0.0250	2.04e+07	0.233	1.190	1.888	1.822	1.597	1.248	0.479	-0.222	-0.362
	0.0250	2.09e+07	0.261	1.210	1.902	1.835	1.611	1.264	0.500	-0.198	-0.338
	0.0250	2.14e+07	0.290	1.230	1.916	1.849	1.625	1.281	0.522	-0.174	-0.313
	0.0250	2.19e+07	0.318	1.251	1.931	1.862	1.639	1.298	0.543	-0.149	-0.288
	0.0250	2.24e+07	0.348	1.271	1.945	1.876	1.654	1.314	0.564	-0.126	-0.264
	0.0250	2.29e+07	0.377	1.292	1.960	1.890	1.668	1.331	0.586	-0.102	-0.240
	0.0250	2.34e+07	0.406	1.313	1.975	1.903	1.683	1.348	0.607	-0.078	-0.215
	0.0250	2.40e+07	0.436	1.334	1.990	1.917	1.698	1.365	0.629	-0.054	-0.191
	0.0250	2.45e+07	0.465	1.355	2.005	1.931	1.713	1.382	0.650	-0.031	-0.166
	0.0250	2.51e+07	0.495	1.376	2.020	1.946	1.728	1.399	0.671	-0.007	-0.143
	0.0250	2.57e+07	0.526	1.398	2.036	1.960	1.743	1.417	0.693	0.017	-0.118
	0.0250	2.63e+07	0.556	1.420	2.051	1.975	1.759	1.434	0.714	0.040	-0.094
	0.0250	2.69e+07	0.587	1.442	2.067	1.990	1.774	1.451	0.736	0.063	-0.070
	0.0250	2.75e+07	0.617	1.464	2.083	2.005	1.790	1.469	0.757	0.087	-0.046
	0.0250	2.82e+07	0.649	1.488	2.100	2.021	1.806	1.487	0.778	0.110	-0.022
	0.0250	2.88e+07	0.680	1.511	2.117	2.036	1.822	1.504	0.800	0.134	0.002
	0.0250	2.95e+07	0.712	1.534	2.134	2.052	1.839	1.523	0.821	0.157	0.025
	0.0250	3.02e+07	0.746	1.557	2.151	2.071	1.861	1.552	0.862	0.204	0.074
	0.0250	3.09e+07	0.780	1.577	2.166	2.091	1.888	1.588	0.912	0.260	0.131
	0.0250	3.16e+07	0.816	1.600	2.189	2.118	1.921	1.627	0.961	0.313	0.185
	0.0250	3.24e+07	0.847	1.620	2.201	2.129	1.935	1.648	0.997	0.359	0.233
	0.0250	3.31e+07	0.875	1.640	2.214	2.138	1.944	1.659	1.016	0.383	0.259
	0.0250	3.39e+07	0.903	1.660	2.227	2.148	1.953	1.671	1.035	0.408	0.285
	0.0250	3.47e+07	0.932	1.681	2.242	2.159	1.963	1.683	1.054	0.433	0.311
	0.0250	3.55e+07	0.961	1.702	2.256	2.170	1.974	1.696	1.074	0.457	0.336
	0.0250	3.63e+07	0.989	1.723	2.271	2.182	1.985	1.709	1.093	0.482	0.362
	0.0250	3.72e+07	1.018	1.745	2.287	2.194	1.997	1.722	1.113	0.506	0.388
	0.0250	3.80e+07	1.048	1.767	2.303	2.207	2.010	1.737	1.133	0.530	0.413
	0.0250	3.89e+07	1.077	1.790	2.320	2.221	2.024	1.752	1.153	0.555	0.438
	0.0250	3.98e+07	1.107	1.812	2.337	2.236	2.038	1.767	1.173	0.579	0.464
	0.0250	4.07e+07	1.136	1.835	2.354	2.251	2.052	1.783	1.193	0.603	0.490
	0.0250	4.17e+07	1.166	1.858	2.372	2.266	2.067	1.799	1.214	0.628	0.515
	0.0250	4.27e+07	1.197	1.882	2.391	2.283	2.083	1.816	1.235	0.652	0.541
	0.0250	4.37e+07	1.227	1.906	2.410	2.300	2.099	1.833	1.256	0.677	0.567
	0.0250	4.47e+07	1.259	1.931	2.430	2.317	2.117	1.852	1.278	0.702	0.593
	0.0250	4.57e+07	1.290	1.956	2.450	2.336	2.135	1.870	1.300	0.727	0.619
	0.0250	4.68e+07	1.322	1.982	2.470	2.355	2.153	1.890	1.323	0.752	0.645
	0.0250	4.79e+07	1.354	2.009	2.492	2.375	2.173	1.910	1.346	0.778	0.672
	0.0250	4.90e+07	1.387	2.036	2.514	2.395	2.193	1.931	1.369	0.803	0.698
	0.0250	5.01e+07	1.423	2.059	2.534	2.419	2.221	1.967	1.418	0.863	0.760
	0.0250	5.13e+07	1.457	2.082	2.557	2.447	2.253	2.003	1.458	0.904	0.803
	0.0250	5.25e+07	1.491	2.105	2.578	2.475	2.286	2.040	1.501	0.948	0.847
	0.0250	5.37e+07	1.522	2.126	2.594	2.492	2.306	2.066	1.539	0.996	0.897
	0.0250	5.50e+07	1.549	2.147	2.611	2.508	2.322	2.082	1.555	1.013	0.915
	0.0250	5.62e+07	1.577	2.169	2.627	2.524	2.338	2.098	1.572	1.031	0.933
	0.0250	5.75e+07	1.605	2.190	2.644	2.540	2.354	2.114	1.589	1.049	0.951
	0.0250	5.89e+07	1.632	2.213	2.661	2.556	2.370	2.131	1.606	1.066	0.969
	0.0250	6.03e+07	1.660	2.235	2.677	2.572	2.386	2.147	1.623	1.084	0.987
	0.0250	6.17e+07	1.688	2.257	2.694	2.588	2.402	2.163	1.640	1.102	1.006
	0.0250	6.31e+07	1.717	2.280	2.711	2.604	2.418	2.180	1.657	1.120	1.023
	0.0250	6.46e+07	1.745	2.303	2.729	2.620	2.434	2.196	1.674	1.138	1.042
	0.0250	6.61e+07	1.773	2.326	2.746	2.636	2.450	2.213	1.691	1.155	1.059
	0.0250	6.76e+07	1.801	2.348	2.763	2.652	2.466	2.229	1.708	1.173	1.077
	0.0250	6.92e+07	1.829	2.371	2.780	2.669	2.484	2.248	1.729	1.196	1.101
	0.0250	7.08e+07	1.858	2.391	2.795	2.686	2.503	2.270	1.757	1.227	1.132
	0.0250	7.24e+07	1.887	2.416	2.817	2.711	2.530	2.296	1.777	1.243	1.147
	0.0250	7.41e+07	1.917	2.438	2.835	2.732	2.552	2.321	1.803	1.268	1.172
	0.0250	7.59e+07	1.946	2.459	2.851	2.748	2.571	2.343	1.832	1.303	1.209
	0.0250	7.76e+07	1.973	2.481	2.867	2.763	2.586	2.358	1.849	1.321	1.227
	0.0250	7.94e+07	2.000	2.503	2.883	2.778	2.600	2.373	1.865	1.339	1.246
	0.0250	8.13e+07	2.026	2.526	2.899	2.793	2.616	2.389	1.882	1.357	1.264
	0.0250	8.32e+07	2.054	2.548	2.916	2.808	2.631	2.404	1.899	1.375	1.283
	0.0250	8.51e+07	2.081	2.571	2.932	2.823	2.646	2.420	1.916	1.394	1.301
	0.0250	8.71e+07	2.107	2.593	2.948	2.838	2.661	2.436	1.932	1.411	1.319
	0.0250	8.91e+07	2.134	2.616	2.965	2.854	2.676	2.451	1.949	1.429	1.338
	0.0250	9.12e+07	2.161	2.639	2.981	2.870	2.692	2.467	1.966	1.448	1.356
	0.0250	9.33e+07	2.188	2.662	2.998	2.885	2.708	2.483	1.983	1.466	1.375
	0.0250	9.55e+07	2.215	2.686	3.015	2.901	2.723	2.499	2.000	1.484	1.393
	0.0250	9.77e+07	2.242	2.709	3.032	2.917	2.739	2.515	2.017	1.502	1.411
	0.0250	1.00e+08	2.269	2.732	3.049	2.932	2.755	2.532	2.034	1.520	1.430
	0.0250	1.02e+08	2.296	2.756	3.066	2.949	2.771	2.548	2.051	1.538	1.448
	0.0250	1.05e+08	2.323	2.780	3.083	2.965	2.787	2.565	2.068	1.557	1.467
	0.0250	1.07e+08	2.351	2.803	3.100	2.982	2.806	2.584	2.091	1.582	1.493
	0.0250	1.10e+08	2.379	2.827	3.118	3.000	2.825	2.604	2.111	1.602	1.512
	0.0250	1.12e+08	2.407	2.851	3.136	3.019	2.844	2.625	2.132	1.622	1.533
	0.0250	1.15e+08	2.435	2.875	3.154	3.037	2.863	2.645	2.153	1.644	1.555
	0.0250	1.17e+08	2.463	2.898	3.171	3.054	2.881	2.663	2.173	1.666	1.577
	0.0250	1.20e+08	2.441	2.922	3.187	3.067	2.892	2.659	1.992	1.382	1.251
	0.0250	1.23e+08	2.465	2.946	3.204	3.083	2.907	2.675	2.002	1.389	1.257
	0.0250	1.26e+08	2.489	2.970	3.221	3.099	2.923	2.690	2.011	1.396	1.262
	0.0250	1.29e+08	2.513	2.995	3.239	3.115	2.939	2.706	2.021	1.403	1.269
	0.0250	1.32e+08	2.537	3.020	3.257	3.132	2.956	2.721	2.027	1.404	1.268
	0.0250	1.35e+08	2.561	3.046	3.275	3.149	2.972	2.737	2.035	1.409	1.271
	0.0250	1.38e+08	2.584	3.070	3.292	3.165	2.989	2.754	2.045	1.415	1.276
	0.0250	1.41e+08	2.608	3.095	3.310	3.183	3.007	2.772	2.054	1.420	1.280
	0.0250	1.45e+08	2.632	3.120	3.328	3.200	3.025	2.790	2.065	1.428	1.286
	0.0250	1.48e+08	2.655	3.145	3.346	3.217	3.043	2.807	2.071	1.429	1.285
	0.0250	1.51e+08	2.679	3.170	3.364	3.236	3.061	2.825	2.080	1.434	1.288
	0.0250	1.55e+08	2.708	3.196	3.382	3.252	3.079	2.845	2.106	1.464	1.319
	0.0250	1.59e+08	2.731	3.221	3.400	3.268	3.094	2.859	2.117	1.474	1.328
	0.0250	1.62e+08	2.755	3.246	3.418	3.284	3.110	2.875	2.127	1.483	1.336
	0.0250	1.66e+08	2.778	3.272	3.436	3.300	3.125	2.890	2.136	1.490	1.342
	0.0250	1.70e+08	2.801	3.298	3.454	3.317	3.141	2.905	2.148	1.500	1.352
	0.0250	1.74e+08	2.825	3.324	3.472	3.333	3.157	2.920	2.158	1.508	1.359
	0.0250	1.78e+08	2.848	3.351	3.491	3.349	3.173	2.936	2.169	1.517	1.368
	0.0250	1.82e+08	2.872	3.377	3.509	3.366	3.190	2.952	2.181	1.528	1.377
	0.0250	1.86e+08	2.895	3.403	3.528	3.383	3.207	2.968	2.190	1.534	1.382
	0.0250	1.91e+08	2.917	3.429	3.547	3.400	3.223	2.984	2.198	1.539	1.386
	0.0250	1.95e+08	2.940	3.456	3.566	3.418	3.240	3.000	2.208	1.546	1.393
	0.0250	2.00e+08	2.963	3.483	3.586	3.435	3.257	3.016	2.217	1.553	1.398
	0.0250	2.04e+08	2.985	3.510	3.605	3.452	3.273	3.032	2.224	1.556	1.400
	0.0250	2.09e+08	3.007	3.537	3.625	3.469	3.289	3.046	2.232	1.562	1.405
	0.0250	2.14e+08	3.034	3.564	3.644	3.485	3.305	3.062	2.257	1.591	1.436
	0.0250	2.19e+08	3.046	3.591	3.663	3.501	3.319	3.072	2.238	1.560	1.401
	0.0250	2.24e+08	3.058	3.618	3.682	3.517	3.333	3.082	2.220	1.530	1.368
	0.0250	2.29e+08	3.069	3.645	3.702	3.534	3.348	3.092	2.203	1.502	1.337
	0.0250	2.34e+08	3.080	3.673	3.722	3.550	3.362	3.103	2.187	1.476	1.308
	0.0250	2.40e+08	3.092	3.701	3.742	3.567	3.378	3.114	2.172	1.451	1.280
	0.0250	2.45e+08	3.103	3.729	3.763	3.584	3.391	3.122	2.161	1.431	1.256
	0.0250	2.51e+08	3.114	3.757	3.784	3.600	3.402	3.125	2.162	1.424	1.241
	0.0250	2.57e+08	3.126	3.784	3.804	3.615	3.413	3.128	2.166	1.420	1.231
	0.0250	2.63e+08	3.136	3.812	3.824	3.630	3.424	3.131	2.165	1.410	1.216
	0.0250	2.69e+08	3.145	3.840	3.845	3.646	3.436	3.136	2.161	1.398	1.198
	0.0250	2.75e+08	3.155	3.868	3.866	3.663	3.450	3.146	2.150	1.379	1.176
	0.0250	2.82e+08	3.164	3.895	3.887	3.680	3.464	3.155	2.138	1.360	1.155
	0.0250	2.88e+08	3.173	3.924	3.908	3.697	3.479	3.164	2.127	1.341	1.134
	0.0250	2.95e+08	3.181	3.952	3.928	3.705	3.473	3.141	2.168	1.377	1.151
	0.0250	3.02e+08	3.189	3.980	3.950	3.721	3.485	3.148	2.157	1.359	1.131
	0.0250	3.09e+08	3.217	4.009	3.973	3.742	3.508	3.174	2.169	1.374	1.151
	0.0250	3.16e+08	3.238	4.038	3.995	3.759	3.523	3.188	2.182	1.387	1.165
	0.0250	3.24e+08	3.259	4.067	4.017	3.776	3.538	3.201	2.195	1.401	1.179
	0.0250	3.31e+08	3.280	4.096	4.040	3.794	3.554	3.215	2.209	1.416	1.194
	0.0250	3.39e+08	3.301	4.125	4.063	3.812	3.569	3.229	2.222	1.430	1.209
	0.0250	3.47e+08	3.323	4.155	4.087	3.830	3.585	3.243	2.236	1.444	1.224
	0.0250	3.55e+08	3.344	4.186	4.111	3.849	3.601	3.257	2.250	1.458	1.238
	0.0250	3.63e+08	3.366	4.217	4.136	3.868	3.618	3.272	2.264	1.473	1.254
	0.0250	3.72e+08	3.388	4.248	4.161	3.888	3.635	3.286	2.278	1.488	1.270
	0.0250	3.80e+08	3.410	4.278	4.186	3.907	3.651	3.302	2.293	1.504	1.285
	0.0250	3.89e+08	3.430	4.308	4.210	3.925	3.667	3.315	2.307	1.518	1.300
	0.0250	3.98e+08	3.451	4.337	4.235	3.944	3.683	3.329	2.320	1.532	1.314
	0.0250	4.07e+08	3.472	4.368	4.260	3.963	3.699	3.344	2.335	1.547	1.331
	0.0250	4.17e+08	3.493	4.398	4.285	3.981	3.715	3.358	2.348	1.561	1.345
	0.0250	4.27e+08	3.513	4.429	4.311	4.001	3.732	3.371	2.362	1.576	1.361
	0.0250	4.37e+08	3.534	4.460	4.338	4.020	3.748	3.385	2.376	1.590	1.376
	0.0250	4.47e+08	3.554	4.491	4.365	4.040	3.764	3.399	2.389	1.604	1.390
	0.0250	4.57e+08	3.574	4.522	4.392	4.060	3.780	3.412	2.402	1.618	1.405
	0.0250	4.68e+08	3.594	4.554	4.420	4.080	3.796	3.426	2.414	1.631	1.419
	0.0250	4.79e+08	3.612	4.586	4.448	4.102	3.816	3.445	2.413	1.629	1.421
	0.0250	4.90e+08	3.631	4.617	4.475	4.120	3.832	3.462	2.407	1.626	1.425
	0.0250	5.01e+08	3.649	4.649	4.504	4.141	3.849	3.475	2.416	1.634	1.434
	0.0250	5.13e+08	3.666	4.681	4.533	4.162	3.866	3.489	2.425	1.643	1.442
	0.0250	5.25e+08	3.684	4.712	4.562	4.183	3.882	3.502	2.435	1.653	1.452
	0.0250	5.37e+08	3.702	4.744	4.592	4.204	3.900	3.516	2.445	1.663	1.461
	0.0250	5.50e+08	3.720	4.776	4.622	4.225	3.916	3.529	2.455	1.672	1.470
	0.0250	5.62e+08	3.738	4.807	4.653	4.247	3.934	3.543	2.466	1.682	1.480
	0.0250	5.76e+08	3.756	4.839	4.684	4.269	3.951	3.557	2.476	1.693	1.490
	0.0250	5.89e+08	3.773	4.871	4.714	4.291	3.968	3.571	2.487	1.702	1.500
	0.0250	6.03e+08	3.792	4.902	4.745	4.313	3.986	3.585	2.498	1.714	1.511
	0.0250	6.17e+08	3.811	4.934	4.776	4.336	4.004	3.600	2.511	1.727	1.524
	0.0250	6.31e+08	3.829	4.965	4.806	4.358	4.022	3.614	2.522	1.738	1.535
	0.0250	6.46e+08	3.846	4.996	4.836	4.379	4.039	3.628	2.533	1.749	1.545
	0.0250	6.61e+08	3.865	5.027	4.867	4.401	4.057	3.642	2.545	1.761	1.557
	0.0250	6.76e+08	3.882	5.058	4.897	4.423	4.074	3.656	2.556	1.772	1.568
	0.0250	6.92e+08	3.898	5.088	4.927	4.445	4.090	3.669	2.567	1.783	1.579
	0.0250	7.08e+08	3.916	5.119	4.958	4.467	4.108	3.682	2.578	1.794	1.590
	0.0250	7.25e+08	3.934	5.151	4.989	4.489	4.126	3.697	2.590	1.807	1.603
	0.0250	7.41e+08	3.953	5.183	5.020	4.511	4.143	3.710	2.603	1.821	1.617
	0.0250	7.59e+08	3.971	5.214	5.051	4.533	4.160	3.724	2.616	1.834	1.630
	0.0250	7.76e+08	3.987	5.245	5.081	4.554	4.177	3.737	2.627	1.845	1.641
	0.0250	7.94e+08	4.004	5.277	5.111	4.575	4.193	3.749	2.638	1.857	1.653
	0.0250	8.13e+08	4.011	5.308	5.140	4.597	4.210	3.764	2.623	1.842	1.640
	0.0250	8.32e+08	4.027	5.340	5.171	4.618	4.227	3.777	2.634	1.852	1.650
	0.0250	8.51e+08	4.042	5.372	5.202	4.641	4.244	3.790	2.644	1.860	1.659
	0.0250	8.71e+08	4.059	5.405	5.232	4.663	4.262	3.803	2.656	1.870	1.670
	0.0250	8.91e+08	4.074	5.437	5.263	4.685	4.279	3.816	2.667	1.879	1.680
	0.0250	9.12e+08	4.091	5.469	5.294	4.709	4.298	3.832	2.680	1.891	1.692
	0.0250	9.33e+08	4.106	5.501	5.324	4.730	4.315	3.845	2.692	1.900	1.702
	0.0250	9.55e+08	4.121	5.533	5.353	4.752	4.332	3.857	2.702	1.909	1.711
	0.0250	9.77e+08	4.137	5.564	5.383	4.774	4.351	3.875	2.709	1.916	1.720
	0.0250	1.00e+09	4.151	5.596	5.412	4.795	4.368	3.888	2.719	1.923	1.727
	0.0250	1.02e+09	4.166	5.628	5.442	4.818	4.389	3.908	2.718	1.924	1.730
	0.0250	1.05e+09	4.182	5.661	5.471	4.840	4.407	3.922	2.730	1.934	1.741
	0.0250	1.07e+09	4.197	5.693	5.500	4.860	4.423	3.934	2.742	1.944	1.752
	0.0250	1.10e+09	4.211	5.725	5.529	4.881	4.439	3.947	2.752	1.952	1.760
	0.0250	1.12e+09	4.225	5.758	5.558	4.904	4.460	3.968	2.751	1.952	1.763
	0.0250	1.15e+09	4.238	5.790	5.586	4.923	4.475	3.978	2.761	1.961	1.772
	0.0250	1.18e+09	4.237	5.821	5.612	4.940	4.486	3.983	2.750	1.946	1.756
	0.0250	1.20e+09	4.246	5.853	5.637	4.954	4.495	3.988	2.755	1.952	1.762
	0.0250	1.23e+09	4.252	5.883	5.660	4.966	4.500	3.989	2.756	1.952	1.763
	0.0250	1.26e+09	4.254	5.914	5.683	4.978	4.507	3.995	2.743	1.942	1.754
	0.0250	1.29e+09	4.258	5.944	5.704	4.985	4.508	3.992	2.744	1.944	1.757
	0.0250	1.32e+09	4.256	5.973	5.723	4.991	4.507	3.985	2.738	1.937	1.751
	0.0250	1.35e+09	4.256	6.001	5.742	4.999	4.508	3.982	2.732	1.931	1.746
	0.0250	1.38e+09	4.262	6.029	5.762	5.008	4.513	3.983	2.735	1.934	1.749
	0.0250	1.41e+09	4.264	6.055	5.780	5.016	4.516	3.983	2.734	1.933	1.748
	0.0250	1.45e+09	4.266	6.081	5.796	5.022	4.516	3.980	2.734	1.933	1.749
	0.0250	1.48e+09	4.260	6.106	5.807	5.019	4.507	3.967	2.725	1.925	1.742
	0.0250	1.51e+09	3.785	4.310	4.500	4.240	3.958	3.610	2.892	2.250	2.129
	0.0250	1.55e+09	3.314	4.004	4.178	3.878	3.589	3.236	2.441	1.780	1.644
	0.0250	1.59e+09	2.727	2.906	3.054	2.962	2.834	2.675	2.293	1.870	1.781
	0.0250	1.62e+09	2.151	2.319	2.333	2.209	2.093	1.957	1.682	1.386	1.320
	0.0250	1.66e+09	2.265	2.666	2.528	2.294	2.114	1.919	1.554	1.224	1.148
	0.0250	1.70e+09	2.902	3.557	3.390	3.037	2.782	2.510	1.949	1.466	1.357
	0.0250	1.74e+09	4.628	6.417	6.139	5.355	4.841	4.303	3.111	2.318	2.143
	0.0250	1.78e+09	4.653	6.453	6.171	5.381	4.865	4.326	3.134	2.342	2.167
	0.0250	1.82e+09	4.678	6.489	6.204	5.410	4.890	4.349	3.157	2.365	2.190
	0.0250	1.86e+09	4.706	6.526	6.238	5.439	4.918	4.374	3.184	2.392	2.217
	0.0250	1.91e+09	4.735	6.562	6.272	5.469	4.946	4.400	3.213	2.421	2.247
	0.0250	1.95e+09	4.804	6.604	6.313	5.508	4.985	4.446	3.294	2.514	2.343
	0.0250	2.00e+09	4.827	6.637	6.340	5.530	5.005	4.464	3.316	2.538	2.368
	0.0250	2.04e+09	4.847	6.671	6.369	5.552	5.024	4.482	3.336	2.557	2.388
	0.0250	2.09e+09	4.869	6.704	6.396	5.575	5.044	4.500	3.357	2.579	2.410
	0.0250	2.14e+09	4.893	6.737	6.425	5.598	5.066	4.521	3.381	2.605	2.436
	0.0250	2.19e+09	4.920	6.771	6.454	5.623	5.089	4.543	3.408	2.633	2.465
	0.0250	2.24e+09	4.950	6.803	6.481	5.646	5.110	4.565	3.440	2.669	2.502
	0.0250	2.29e+09	4.972	6.838	6.511	5.671	5.132	4.584	3.461	2.689	2.524
	0.0250	2.34e+09	4.999	6.875	6.544	5.700	5.159	4.610	3.487	2.716	2.550
	0.0250	2.40e+09	5.023	6.911	6.574	5.725	5.183	4.632	3.510	2.738	2.573
	0.0250	2.46e+09	5.045	6.946	6.602	5.749	5.204	4.651	3.532	2.761	2.596
	0.0250	2.51e+09	5.064	6.972	6.627	5.771	5.225	4.671	3.550	2.779	2.614
	0.0250	2.57e+09	5.088	7.008	6.658	5.797	5.248	4.693	3.573	2.802	2.638
	0.0250	2.63e+09	5.123	7.049	6.690	5.824	5.274	4.718	3.609	2.842	2.679
	0.0250	2.69e+09	5.140	7.080	6.716	5.846	5.293	4.736	3.625	2.857	2.694
	0.0250	2.75e+09	5.160	7.116	6.744	5.868	5.313	4.754	3.643	2.875	2.712
	0.0250	2.82e+09	5.177	7.151	6.772	5.890	5.333	4.771	3.658	2.889	2.726
	0.0250	2.88e+09	5.197	7.186	6.800	5.912	5.352	4.788	3.677	2.908	2.746
	0.0250	2.95e+09	5.214	7.221	6.827	5.934	5.371	4.805	3.692	2.922	2.760
	0.0250	3.02e+09	5.234	7.255	6.854	5.957	5.392	4.824	3.709	2.940	2.777
	0.0250	3.09e+09	5.252	7.289	6.882	5.980	5.412	4.842	3.725	2.955	2.792
	0.0250	3.16e+09	5.281	7.323	6.907	5.999	5.429	4.859	3.760	2.993	2.835
	0.0250	3.24e+09	5.296	7.356	6.933	6.018	5.446	4.874	3.772	3.004	2.846
	0.0250	3.31e+09	5.312	7.387	6.956	6.038	5.463	4.889	3.786	3.019	2.860
	0.0250	3.39e+09	5.329	7.417	6.980	6.057	5.481	4.906	3.802	3.034	2.876
	0.0250	3.47e+09	5.346	7.447	7.004	6.077	5.499	4.923	3.817	3.049	2.890
	0.0250	3.55e+09	5.363	7.477	7.028	6.097	5.518	4.940	3.833	3.064	2.906
	0.0250	3.63e+09	5.386	7.507	7.053	6.120	5.539	4.962	3.856	3.087	2.929
	0.0250	3.72e+09	5.414	7.540	7.084	6.149	5.569	4.992	3.883	3.114	2.955
	0.0250	3.80e+09	5.449	7.563	7.108	6.174	5.593	5.018	3.922	3.158	3.001
	0.0250	3.89e+09	5.465	7.593	7.132	6.194	5.612	5.035	3.936	3.171	3.013
	0.0250	3.98e+09	5.487	7.624	7.157	6.215	5.631	5.054	3.959	3.195	3.038
	0.0250	4.07e+09	5.503	7.650	7.179	6.235	5.650	5.070	3.973	3.208	3.051
	0.0250	4.17e+09	5.526	7.674	7.200	6.254	5.668	5.089	3.997	3.234	3.078
	0.0250	4.27e+09	5.539	7.697	7.221	6.273	5.685	5.105	4.008	3.244	3.087
	0.0250	4.37e+09	5.561	7.720	7.241	6.292	5.704	5.124	4.031	3.267	3.111
	0.0250	4.47e+09	5.578	7.741	7.261	6.311	5.723	5.142	4.047	3.283	3.127
	0.0250	4.57e+09	5.595	7.753	7.276	6.328	5.740	5.159	4.065	3.300	3.144
	0.0250	4.68e+09	5.625	7.774	7.299	6.352	5.764	5.184	4.097	3.336	3.180
	0.0250	4.79e+09	5.651	7.803	7.323	6.375	5.787	5.208	4.125	3.365	3.211
	0.0250	4.90e+09	5.668	7.829	7.346	6.395	5.806	5.225	4.140	3.380	3.225
	0.0250	5.01e+09	5.686	7.855	7.368	6.414	5.824	5.242	4.157	3.396	3.242
	0.0250	5.13e+09	5.703	7.883	7.392	6.435	5.844	5.261	4.173	3.411	3.256
	0.0250	5.25e+09	5.718	7.911	7.415	6.456	5.863	5.279	4.186	3.422	3.267
	0.0250	5.37e+09	5.742	7.940	7.439	6.478	5.883	5.298	4.211	3.449	3.294
	0.0250	5.50e+09	5.761	7.968	7.463	6.499	5.904	5.318	4.228	3.466	3.311
	0.0250	5.62e+09	5.774	7.997	7.488	6.521	5.924	5.335	4.238	3.474	3.318
	0.0250	5.76e+09	5.804	8.026	7.512	6.544	5.946	5.358	4.271	3.509	3.355
	0.0250	5.89e+09	5.832	8.058	7.544	6.575	5.976	5.386	4.298	3.536	3.381
	0.0250	6.03e+09	5.869	8.102	7.576	6.603	6.002	5.413	4.338	3.579	3.427
	0.0250	6.17e+09	5.889	8.134	7.604	6.628	6.027	5.435	4.355	3.594	3.442
	0.0250	6.31e+09	5.937	8.167	7.637	6.664	6.064	5.477	4.406	3.650	3.499
	0.0250	6.46e+09	5.953	8.195	7.661	6.685	6.084	5.495	4.420	3.663	3.511
	0.0250	6.61e+09	5.971	8.223	7.683	6.704	6.102	5.512	4.439	3.681	3.530
	0.0250	6.76e+09	5.985	8.250	7.706	6.724	6.121	5.530	4.450	3.690	3.538
	0.0250	6.92e+09	6.003	8.278	7.728	6.744	6.139	5.546	4.466	3.707	3.555
	0.0250	7.08e+09	6.028	8.306	7.751	6.764	6.159	5.567	4.493	3.736	3.585
	0.0250	7.25e+09	6.045	8.334	7.774	6.785	6.177	5.584	4.508	3.750	3.599
	0.0250	7.41e+09	6.069	8.363	7.798	6.805	6.197	5.603	4.534	3.778	3.628
	0.0250	7.59e+09	6.086	8.391	7.821	6.826	6.216	5.621	4.549	3.793	3.643
	0.0250	7.76e+09	6.109	8.422	7.848	6.851	6.240	5.645	4.570	3.814	3.662
	0.0250	7.94e+09	6.128	8.451	7.871	6.871	6.259	5.663	4.589	3.833	3.682
	0.0250	8.13e+09	6.146	8.479	7.893	6.890	6.277	5.679	4.606	3.850	3.699
	0.0250	8.32e+09	6.164	8.507	7.916	6.910	6.295	5.697	4.624	3.868	3.718
	0.0250	8.51e+09	6.180	8.535	7.939	6.930	6.314	5.715	4.638	3.881	3.730
	0.0250	8.71e+09	6.204	8.563	7.961	6.950	6.333	5.733	4.663	3.908	3.758
	0.0250	8.91e+09	6.217	8.591	7.983	6.969	6.350	5.748	4.675	3.919	3.769
	0.0250	9.12e+09	6.236	8.619	8.006	6.990	6.369	5.766	4.692	3.936	3.785
	0.0250	9.33e+09	6.261	8.647	8.029	7.009	6.388	5.784	4.720	3.967	3.819
	0.0250	9.55e+09	6.276	8.676	8.052	7.029	6.406	5.800	4.732	3.978	3.829
	0.0250	9.77e+09	6.300	8.705	8.075	7.051	6.426	5.821	4.758	4.006	3.857
	0.0250	1.00e+10	6.320	8.734	8.099	7.072	6.446	5.840	4.778	4.026	3.878
	0.0250	1.02e+10	6.334	8.762	8.121	7.091	6.463	5.856	4.789	4.036	3.887
	0.0250	1.05e+10	6.341	8.765	8.134	7.105	6.477	5.868	4.797	4.041	3.892
	0.0250	1.07e+10	6.358	8.792	8.155	7.124	6.494	5.884	4.813	4.057	3.909
	0.0250	1.10e+10	6.376	8.819	8.177	7.143	6.512	5.900	4.830	4.075	3.927
	0.0250	1.12e+10	6.391	8.846	8.198	7.162	6.529	5.916	4.845	4.089	3.941
	0.0250	1.15e+10	6.409	8.873	8.221	7.181	6.547	5.933	4.862	4.107	3.959
	0.0250	1.18e+10	6.426	8.901	8.243	7.201	6.565	5.949	4.879	4.123	3.976
	0.0250	1.20e+10	6.445	8.928	8.264	7.220	6.582	5.966	4.897	4.142	3.995
	0.0250	1.23e+10	6.460	8.955	8.287	7.239	6.601	5.982	4.910	4.154	4.006
	0.0250	1.26e+10	6.470	8.981	8.308	7.258	6.617	5.996	4.918	4.159	4.011
	0.0250	1.29e+10	6.499	9.022	8.339	7.283	6.641	6.020	4.947	4.190	4.043
	0.0250	1.32e+10	6.509	9.049	8.360	7.301	6.657	6.033	4.955	4.196	4.048
