# File generated by CMD 2.7 (http://stev.oapd.inaf.it/cmd) on Mon Jun 15 15:12:25 CEST 2015
# Basic reference: Marigo et al. (2008, A&A 482, 883) 
# but applying the corrections from Case A in Girardi et al. (2010, ApJ 724, 1030) 
# + Bertelli et al. (1994, A&AS, 106, 275) for the Mi>7.0 Msun interval
# Photometric system: <i>UBVRIJHK</i> (cf. Maiz-Apellaniz 2006 + Bessell 1990)
# Using OBC version of bolometric corrections as detailed in Marigo et al. (2008, A&A 482, 883) and Girardi et al. (2008, PASP 120, 583)
# BCs of Carbon stars derive from Loidl et al. (2001, A&A 342, 531)
# O-rich circumstellar dust ignored
# C-rich circumstellar dust ignored
# IMF: Kroupa (2001, 2002) + Kroupa et al. (2013) canonical two-part-power law IMF corrected for unresolved binaries 
# Kind of output: SSP integrated magnitudes
#	Z	Age		mbol    U       B       V       R       I       J       H       K
	0.0290	3.98e+06	-2.306	-1.112	-0.192	0.003	0.081	0.189	0.449	0.516	0.580
	0.0290	4.07e+06	-2.270	-1.083	-0.176	0.015	0.089	0.194	0.446	0.509	0.571
	0.0290	4.17e+06	-2.255	-1.049	-0.153	0.034	0.105	0.206	0.450	0.510	0.570
	0.0290	4.27e+06	-2.219	-1.010	-0.126	0.057	0.126	0.223	0.459	0.516	0.573
	0.0290	4.37e+06	-2.182	-0.961	-0.087	0.094	0.160	0.255	0.483	0.536	0.592
	0.0290	4.47e+06	-2.142	-0.913	-0.053	0.122	0.185	0.275	0.491	0.539	0.591
	0.0290	4.57e+06	-2.102	-0.840	0.038	0.214	0.277	0.366	0.579	0.620	0.671
	0.0290	4.68e+06	-2.065	-0.801	0.091	0.272	0.338	0.431	0.650	0.692	0.743
	0.0290	4.79e+06	-2.035	-0.760	0.147	0.329	0.395	0.488	0.704	0.740	0.790
	0.0290	4.90e+06	-2.004	-0.720	0.199	0.382	0.447	0.539	0.747	0.773	0.821
	0.0290	5.01e+06	-1.969	-0.686	0.244	0.426	0.490	0.578	0.774	0.786	0.829
	0.0290	5.13e+06	-1.931	-0.665	0.273	0.453	0.514	0.598	0.776	0.770	0.808
	0.0290	5.25e+06	-1.896	-0.660	0.276	0.451	0.506	0.582	0.736	0.708	0.739
	0.0290	5.37e+06	-1.862	-0.674	0.236	0.398	0.442	0.504	0.622	0.568	0.588
	0.0290	5.50e+06	-1.826	-0.690	0.157	0.288	0.310	0.342	0.392	0.303	0.309
	0.0290	5.62e+06	-1.788	-0.663	0.145	0.201	0.166	0.130	0.038	-0.133	-0.156
	0.0290	5.75e+06	-1.746	-0.638	0.214	0.234	0.151	0.058	-0.176	-0.463	-0.512
	0.0290	5.89e+06	-1.700	-0.680	0.130	0.168	0.103	0.028	-0.174	-0.448	-0.495
	0.0290	6.03e+06	-1.648	-0.686	0.055	0.084	0.018	-0.057	-0.250	-0.513	-0.559
	0.0290	6.17e+06	-1.591	-0.623	0.098	0.120	0.049	-0.033	-0.239	-0.510	-0.559
	0.0290	6.31e+06	-1.558	-0.604	0.093	0.110	0.036	-0.048	-0.258	-0.530	-0.581
	0.0290	6.46e+06	-1.525	-0.579	0.085	0.098	0.022	-0.066	-0.281	-0.555	-0.607
	0.0290	6.61e+06	-1.492	-0.546	0.079	0.085	0.007	-0.085	-0.308	-0.584	-0.637
	0.0290	6.76e+06	-1.457	-0.510	0.086	0.077	-0.008	-0.107	-0.340	-0.618	-0.674
	0.0290	6.92e+06	-1.422	-0.465	0.100	0.073	-0.021	-0.130	-0.377	-0.659	-0.716
	0.0290	7.08e+06	-1.385	-0.408	0.127	0.075	-0.030	-0.151	-0.417	-0.704	-0.765
	0.0290	7.24e+06	-1.348	-0.337	0.178	0.093	-0.030	-0.170	-0.462	-0.758	-0.822
	0.0290	7.41e+06	-1.310	-0.256	0.257	0.128	-0.023	-0.188	-0.514	-0.823	-0.891
	0.0290	7.59e+06	-1.271	-0.167	0.367	0.177	-0.012	-0.208	-0.574	-0.901	-0.973
	0.0290	7.76e+06	-1.231	-0.076	0.493	0.239	0.007	-0.224	-0.636	-0.990	-1.066
	0.0290	7.94e+06	-1.191	0.012	0.622	0.315	0.041	-0.226	-0.694	-1.085	-1.165
	0.0290	8.13e+06	-1.151	0.091	0.746	0.406	0.092	-0.212	-0.745	-1.183	-1.267
	0.0290	8.32e+06	-1.109	0.162	0.862	0.509	0.162	-0.176	-0.788	-1.280	-1.372
	0.0290	8.51e+06	-1.067	0.223	0.969	0.628	0.257	-0.118	-0.822	-1.374	-1.482
	0.0290	8.71e+06	-1.022	0.263	1.058	0.777	0.404	-0.003	-0.784	-1.395	-1.521
	0.0290	8.91e+06	-0.978	0.290	1.122	0.914	0.556	0.125	-0.708	-1.371	-1.514
	0.0290	9.12e+06	-0.932	0.314	1.155	0.995	0.664	0.238	-0.601	-1.284	-1.430
	0.0290	9.33e+06	-0.898	0.336	1.169	1.007	0.686	0.273	-0.546	-1.219	-1.361
	0.0290	9.55e+06	-0.868	0.357	1.179	1.011	0.692	0.287	-0.518	-1.184	-1.325
	0.0290	9.77e+06	-0.838	0.378	1.189	1.016	0.702	0.303	-0.490	-1.150	-1.290
	0.0290	1.00e+07	-0.807	0.399	1.197	1.023	0.715	0.321	-0.461	-1.118	-1.257
	0.0290	1.02e+07	-0.775	0.420	1.205	1.032	0.730	0.342	-0.432	-1.086	-1.226
	0.0290	1.05e+07	-0.743	0.440	1.212	1.042	0.747	0.365	-0.402	-1.055	-1.195
	0.0290	1.07e+07	-0.710	0.459	1.218	1.054	0.767	0.390	-0.372	-1.026	-1.166
	0.0290	1.10e+07	-0.677	0.478	1.223	1.067	0.788	0.416	-0.342	-0.997	-1.138
	0.0290	1.12e+07	-0.644	0.496	1.228	1.082	0.812	0.444	-0.312	-0.970	-1.112
	0.0290	1.15e+07	-0.610	0.515	1.234	1.099	0.838	0.474	-0.283	-0.944	-1.087
	0.0290	1.17e+07	-0.576	0.535	1.241	1.119	0.865	0.505	-0.254	-0.920	-1.063
	0.0290	1.20e+07	-0.541	0.556	1.251	1.140	0.894	0.536	-0.226	-0.896	-1.040
	0.0290	1.23e+07	-0.505	0.578	1.264	1.165	0.925	0.568	-0.198	-0.874	-1.019
	0.0290	1.26e+07	-0.467	0.600	1.281	1.193	0.962	0.611	-0.150	-0.826	-0.971
	0.0290	1.29e+07	-0.428	0.614	1.297	1.230	1.016	0.682	-0.064	-0.737	-0.882
	0.0290	1.32e+07	-0.386	0.658	1.359	1.295	1.080	0.745	-0.007	-0.683	-0.827
	0.0290	1.35e+07	-0.350	0.686	1.387	1.324	1.113	0.785	0.045	-0.624	-0.766
	0.0290	1.38e+07	-0.321	0.714	1.414	1.346	1.131	0.798	0.054	-0.616	-0.758
	0.0290	1.41e+07	-0.291	0.742	1.442	1.368	1.149	0.813	0.064	-0.608	-0.750
	0.0290	1.45e+07	-0.261	0.771	1.470	1.392	1.169	0.829	0.075	-0.599	-0.741
	0.0290	1.48e+07	-0.231	0.799	1.499	1.417	1.190	0.846	0.086	-0.590	-0.732
	0.0290	1.51e+07	-0.200	0.828	1.528	1.443	1.213	0.864	0.099	-0.580	-0.722
	0.0290	1.55e+07	-0.168	0.856	1.558	1.470	1.236	0.884	0.113	-0.569	-0.711
	0.0290	1.58e+07	-0.137	0.885	1.588	1.498	1.261	0.904	0.127	-0.558	-0.701
	0.0290	1.62e+07	-0.104	0.915	1.619	1.527	1.287	0.925	0.143	-0.547	-0.690
	0.0290	1.66e+07	-0.071	0.945	1.651	1.559	1.315	0.948	0.159	-0.535	-0.679
	0.0290	1.70e+07	-0.037	0.976	1.683	1.591	1.344	0.972	0.176	-0.523	-0.668
	0.0290	1.74e+07	-0.002	1.008	1.716	1.624	1.375	0.998	0.193	-0.510	-0.656
	0.0290	1.78e+07	0.033	1.040	1.750	1.660	1.408	1.025	0.211	-0.497	-0.644
	0.0290	1.82e+07	0.072	1.065	1.779	1.700	1.457	1.083	0.281	-0.423	-0.569
	0.0290	1.86e+07	0.111	1.091	1.813	1.750	1.515	1.146	0.345	-0.364	-0.510
	0.0290	1.91e+07	0.146	1.110	1.828	1.770	1.544	1.189	0.407	-0.292	-0.436
	0.0290	1.95e+07	0.174	1.129	1.841	1.782	1.558	1.205	0.428	-0.268	-0.411
	0.0290	2.00e+07	0.201	1.149	1.855	1.795	1.571	1.221	0.450	-0.244	-0.387
	0.0290	2.04e+07	0.229	1.168	1.868	1.807	1.585	1.238	0.471	-0.220	-0.362
	0.0290	2.09e+07	0.258	1.188	1.882	1.820	1.599	1.254	0.492	-0.196	-0.337
	0.0290	2.14e+07	0.286	1.208	1.896	1.833	1.612	1.270	0.514	-0.172	-0.313
	0.0290	2.19e+07	0.315	1.228	1.910	1.846	1.626	1.287	0.535	-0.148	-0.288
	0.0290	2.24e+07	0.344	1.248	1.924	1.859	1.641	1.303	0.556	-0.124	-0.264
	0.0290	2.29e+07	0.373	1.269	1.939	1.873	1.655	1.320	0.578	-0.101	-0.239
	0.0290	2.34e+07	0.402	1.289	1.953	1.886	1.669	1.336	0.599	-0.077	-0.215
	0.0290	2.40e+07	0.431	1.309	1.967	1.899	1.684	1.353	0.620	-0.053	-0.191
	0.0290	2.45e+07	0.460	1.329	1.982	1.913	1.698	1.370	0.642	-0.029	-0.167
	0.0290	2.51e+07	0.490	1.350	1.997	1.927	1.713	1.387	0.663	-0.006	-0.143
	0.0290	2.57e+07	0.520	1.372	2.012	1.941	1.728	1.404	0.684	0.017	-0.118
	0.0290	2.63e+07	0.550	1.392	2.026	1.955	1.743	1.421	0.705	0.041	-0.095
	0.0290	2.69e+07	0.580	1.413	2.041	1.969	1.757	1.438	0.726	0.064	-0.071
	0.0290	2.75e+07	0.610	1.435	2.056	1.983	1.772	1.455	0.747	0.088	-0.047
	0.0290	2.82e+07	0.641	1.456	2.071	1.998	1.788	1.472	0.768	0.110	-0.023
	0.0290	2.88e+07	0.671	1.478	2.086	2.012	1.803	1.489	0.789	0.134	0.001
	0.0290	2.95e+07	0.702	1.500	2.102	2.027	1.818	1.506	0.810	0.157	0.024
	0.0290	3.02e+07	0.735	1.522	2.118	2.043	1.837	1.529	0.840	0.191	0.059
	0.0290	3.09e+07	0.768	1.543	2.133	2.060	1.858	1.555	0.876	0.230	0.100
	0.0290	3.16e+07	0.802	1.566	2.153	2.081	1.881	1.583	0.912	0.271	0.141
	0.0290	3.24e+07	0.834	1.588	2.168	2.093	1.894	1.600	0.940	0.306	0.178
	0.0290	3.31e+07	0.863	1.611	2.183	2.104	1.904	1.612	0.958	0.328	0.202
	0.0290	3.39e+07	0.894	1.634	2.200	2.117	1.915	1.624	0.976	0.351	0.226
	0.0290	3.47e+07	0.924	1.657	2.218	2.130	1.928	1.638	0.994	0.373	0.249
	0.0290	3.55e+07	0.955	1.682	2.236	2.145	1.941	1.652	1.013	0.396	0.273
	0.0290	3.63e+07	0.986	1.706	2.255	2.161	1.956	1.667	1.032	0.418	0.295
	0.0290	3.72e+07	1.017	1.731	2.275	2.177	1.971	1.682	1.050	0.439	0.318
	0.0290	3.80e+07	1.049	1.757	2.295	2.195	1.987	1.699	1.069	0.460	0.340
	0.0290	3.89e+07	1.081	1.782	2.316	2.214	2.005	1.716	1.088	0.481	0.362
	0.0290	3.98e+07	1.112	1.808	2.337	2.233	2.023	1.735	1.108	0.502	0.384
	0.0290	4.07e+07	1.145	1.834	2.359	2.253	2.042	1.754	1.127	0.523	0.405
	0.0290	4.17e+07	1.178	1.861	2.382	2.275	2.063	1.774	1.147	0.544	0.427
	0.0290	4.27e+07	1.211	1.889	2.405	2.297	2.084	1.796	1.168	0.564	0.448
	0.0290	4.37e+07	1.245	1.917	2.429	2.321	2.108	1.818	1.189	0.585	0.469
	0.0290	4.47e+07	1.279	1.945	2.453	2.345	2.132	1.842	1.210	0.605	0.490
	0.0290	4.57e+07	1.314	1.975	2.478	2.371	2.157	1.867	1.233	0.626	0.510
	0.0290	4.68e+07	1.350	2.005	2.504	2.399	2.185	1.893	1.256	0.647	0.531
	0.0290	4.79e+07	1.386	2.036	2.531	2.428	2.214	1.921	1.280	0.667	0.551
	0.0290	4.90e+07	1.427	2.059	2.553	2.459	2.255	1.973	1.347	0.741	0.627
	0.0290	5.01e+07	1.464	2.081	2.575	2.494	2.297	2.021	1.400	0.791	0.676
	0.0290	5.13e+07	1.501	2.102	2.595	2.522	2.334	2.066	1.456	0.851	0.736
	0.0290	5.25e+07	1.535	2.123	2.612	2.541	2.358	2.098	1.504	0.909	0.796
	0.0290	5.37e+07	1.562	2.144	2.627	2.555	2.372	2.114	1.522	0.929	0.817
	0.0290	5.50e+07	1.589	2.166	2.642	2.570	2.387	2.129	1.540	0.949	0.838
	0.0290	5.62e+07	1.617	2.188	2.658	2.584	2.401	2.145	1.558	0.969	0.858
	0.0290	5.75e+07	1.645	2.210	2.674	2.599	2.416	2.160	1.576	0.989	0.879
	0.0290	5.89e+07	1.673	2.232	2.690	2.613	2.431	2.176	1.594	1.008	0.899
	0.0290	6.03e+07	1.701	2.254	2.706	2.628	2.446	2.192	1.612	1.029	0.919
	0.0290	6.17e+07	1.729	2.277	2.723	2.643	2.461	2.208	1.630	1.048	0.939
	0.0290	6.31e+07	1.757	2.300	2.740	2.658	2.476	2.224	1.648	1.068	0.960
	0.0290	6.46e+07	1.786	2.323	2.757	2.674	2.491	2.240	1.665	1.087	0.979
	0.0290	6.61e+07	1.814	2.346	2.774	2.689	2.507	2.256	1.683	1.106	0.999
	0.0290	6.76e+07	1.842	2.369	2.790	2.705	2.523	2.274	1.704	1.130	1.024
	0.0290	6.92e+07	1.871	2.390	2.806	2.721	2.541	2.296	1.731	1.161	1.055
	0.0290	7.08e+07	1.900	2.412	2.823	2.740	2.562	2.319	1.756	1.187	1.081
	0.0290	7.24e+07	1.929	2.434	2.839	2.757	2.582	2.341	1.782	1.214	1.108
	0.0290	7.41e+07	1.959	2.456	2.856	2.774	2.601	2.364	1.813	1.251	1.147
	0.0290	7.59e+07	1.986	2.478	2.871	2.788	2.615	2.379	1.830	1.270	1.167
	0.0290	7.76e+07	2.013	2.500	2.887	2.802	2.629	2.394	1.847	1.289	1.186
	0.0290	7.94e+07	2.040	2.523	2.903	2.817	2.643	2.409	1.865	1.309	1.207
	0.0290	8.13e+07	2.067	2.546	2.919	2.831	2.658	2.424	1.882	1.328	1.226
	0.0290	8.32e+07	2.094	2.569	2.936	2.846	2.673	2.439	1.900	1.348	1.247
	0.0290	8.51e+07	2.121	2.592	2.952	2.861	2.687	2.455	1.917	1.368	1.267
	0.0290	8.71e+07	2.148	2.615	2.968	2.875	2.702	2.470	1.935	1.387	1.287
	0.0290	8.91e+07	2.175	2.639	2.985	2.891	2.717	2.486	1.952	1.407	1.308
	0.0290	9.12e+07	2.203	2.662	3.002	2.906	2.732	2.502	1.970	1.427	1.328
	0.0290	9.33e+07	2.230	2.686	3.019	2.921	2.747	2.518	1.988	1.447	1.348
	0.0290	9.55e+07	2.257	2.709	3.035	2.936	2.763	2.534	2.006	1.467	1.368
	0.0290	9.77e+07	2.284	2.733	3.052	2.952	2.778	2.550	2.023	1.486	1.388
	0.0290	1.00e+08	2.311	2.757	3.069	2.967	2.794	2.566	2.041	1.506	1.408
	0.0290	1.02e+08	2.339	2.781	3.086	2.983	2.809	2.582	2.059	1.526	1.429
	0.0290	1.05e+08	2.367	2.805	3.103	3.000	2.827	2.602	2.083	1.553	1.457
	0.0290	1.07e+08	2.395	2.828	3.120	3.016	2.844	2.620	2.104	1.576	1.480
	0.0290	1.10e+08	2.423	2.852	3.137	3.033	2.862	2.639	2.125	1.599	1.503
	0.0290	1.12e+08	2.451	2.876	3.155	3.050	2.880	2.658	2.147	1.623	1.527
	0.0290	1.15e+08	2.478	2.900	3.172	3.066	2.897	2.676	2.167	1.645	1.550
	0.0290	1.17e+08	2.461	2.924	3.187	3.080	2.908	2.677	2.009	1.399	1.266
	0.0290	1.20e+08	2.485	2.948	3.205	3.095	2.923	2.691	2.018	1.405	1.271
	0.0290	1.23e+08	2.510	2.973	3.222	3.111	2.939	2.707	2.030	1.417	1.281
	0.0290	1.26e+08	2.534	2.998	3.239	3.127	2.954	2.722	2.041	1.425	1.289
	0.0290	1.29e+08	2.559	3.023	3.257	3.143	2.970	2.738	2.052	1.435	1.298
	0.0290	1.32e+08	2.584	3.049	3.275	3.159	2.987	2.754	2.064	1.445	1.307
	0.0290	1.35e+08	2.609	3.074	3.293	3.176	3.003	2.771	2.077	1.457	1.318
	0.0290	1.38e+08	2.633	3.099	3.310	3.192	3.020	2.787	2.088	1.466	1.326
	0.0290	1.41e+08	2.658	3.124	3.328	3.209	3.037	2.805	2.100	1.476	1.335
	0.0290	1.45e+08	2.682	3.149	3.346	3.226	3.054	2.822	2.112	1.485	1.343
	0.0290	1.48e+08	2.706	3.174	3.364	3.243	3.071	2.840	2.124	1.495	1.352
	0.0290	1.51e+08	2.731	3.200	3.382	3.260	3.089	2.857	2.135	1.505	1.360
	0.0290	1.55e+08	2.759	3.226	3.400	3.276	3.105	2.874	2.160	1.533	1.389
	0.0290	1.59e+08	2.781	3.251	3.418	3.291	3.119	2.888	2.168	1.540	1.395
	0.0290	1.62e+08	2.804	3.277	3.435	3.307	3.134	2.903	2.176	1.545	1.399
	0.0290	1.66e+08	2.828	3.304	3.454	3.323	3.150	2.918	2.187	1.555	1.408
	0.0290	1.70e+08	2.849	3.330	3.472	3.339	3.165	2.932	2.190	1.554	1.405
	0.0290	1.74e+08	2.871	3.356	3.491	3.355	3.180	2.946	2.197	1.557	1.407
	0.0290	1.78e+08	2.893	3.383	3.509	3.371	3.196	2.961	2.203	1.560	1.409
	0.0290	1.82e+08	2.916	3.409	3.528	3.387	3.212	2.977	2.213	1.568	1.415
	0.0290	1.86e+08	2.939	3.435	3.547	3.404	3.228	2.993	2.226	1.579	1.427
	0.0290	1.91e+08	2.960	3.462	3.566	3.421	3.244	3.008	2.229	1.578	1.424
	0.0290	1.95e+08	2.981	3.489	3.585	3.438	3.261	3.023	2.233	1.577	1.421
	0.0290	2.00e+08	3.004	3.517	3.605	3.455	3.277	3.038	2.243	1.585	1.428
	0.0290	2.04e+08	3.025	3.544	3.624	3.471	3.292	3.052	2.249	1.588	1.430
	0.0290	2.09e+08	3.056	3.571	3.644	3.488	3.308	3.070	2.283	1.630	1.475
	0.0290	2.14e+08	3.073	3.599	3.664	3.504	3.323	3.081	2.278	1.618	1.460
	0.0290	2.19e+08	3.089	3.626	3.683	3.520	3.337	3.093	2.272	1.605	1.446
	0.0290	2.24e+08	3.106	3.653	3.703	3.536	3.352	3.105	2.269	1.595	1.433
	0.0290	2.29e+08	3.123	3.681	3.723	3.553	3.366	3.117	2.264	1.583	1.419
	0.0290	2.34e+08	3.139	3.709	3.743	3.570	3.382	3.129	2.260	1.573	1.407
	0.0290	2.40e+08	3.155	3.737	3.764	3.587	3.397	3.142	2.255	1.561	1.393
	0.0290	2.45e+08	3.171	3.766	3.786	3.604	3.412	3.155	2.251	1.551	1.381
	0.0290	2.51e+08	3.188	3.794	3.807	3.622	3.429	3.169	2.248	1.541	1.370
	0.0290	2.57e+08	3.203	3.822	3.828	3.639	3.445	3.182	2.245	1.532	1.359
	0.0290	2.63e+08	3.218	3.850	3.849	3.656	3.460	3.195	2.240	1.521	1.346
	0.0290	2.69e+08	3.233	3.879	3.870	3.674	3.476	3.208	2.236	1.511	1.334
	0.0290	2.75e+08	3.248	3.908	3.892	3.692	3.492	3.221	2.232	1.501	1.322
	0.0290	2.82e+08	3.262	3.936	3.914	3.708	3.504	3.227	2.238	1.502	1.319
	0.0290	2.88e+08	3.276	3.965	3.936	3.724	3.516	3.233	2.244	1.502	1.314
	0.0290	2.95e+08	3.290	3.995	3.958	3.741	3.529	3.241	2.249	1.502	1.311
	0.0290	3.02e+08	3.302	4.024	3.981	3.757	3.541	3.246	2.252	1.500	1.305
	0.0290	3.09e+08	3.332	4.053	4.003	3.776	3.559	3.266	2.277	1.529	1.337
	0.0290	3.16e+08	3.354	4.082	4.026	3.794	3.574	3.279	2.291	1.544	1.352
	0.0290	3.24e+08	3.375	4.112	4.049	3.811	3.589	3.293	2.304	1.557	1.365
	0.0290	3.31e+08	3.396	4.142	4.073	3.829	3.605	3.306	2.317	1.571	1.379
	0.0290	3.39e+08	3.418	4.172	4.097	3.848	3.621	3.320	2.332	1.586	1.394
	0.0290	3.47e+08	3.439	4.203	4.122	3.867	3.637	3.334	2.345	1.599	1.408
	0.0290	3.55e+08	3.461	4.235	4.148	3.886	3.653	3.348	2.358	1.613	1.421
	0.0290	3.63e+08	3.482	4.267	4.174	3.905	3.670	3.362	2.372	1.627	1.435
	0.0290	3.72e+08	3.504	4.298	4.199	3.925	3.687	3.377	2.385	1.640	1.448
	0.0290	3.80e+08	3.525	4.329	4.225	3.945	3.704	3.392	2.400	1.655	1.463
	0.0290	3.89e+08	3.547	4.359	4.249	3.963	3.720	3.406	2.415	1.671	1.479
	0.0290	3.98e+08	3.567	4.389	4.275	3.982	3.736	3.420	2.427	1.684	1.492
	0.0290	4.07e+08	3.588	4.420	4.301	4.002	3.752	3.433	2.441	1.697	1.506
	0.0290	4.17e+08	3.608	4.451	4.328	4.021	3.768	3.447	2.454	1.711	1.519
	0.0290	4.27e+08	3.628	4.483	4.355	4.040	3.782	3.456	2.474	1.731	1.538
	0.0290	4.37e+08	3.648	4.515	4.383	4.061	3.799	3.470	2.487	1.744	1.551
	0.0290	4.47e+08	3.668	4.547	4.411	4.081	3.815	3.483	2.499	1.757	1.564
	0.0290	4.57e+08	3.687	4.579	4.439	4.101	3.831	3.496	2.510	1.768	1.576
	0.0290	4.68e+08	3.706	4.610	4.467	4.121	3.847	3.508	2.522	1.780	1.588
	0.0290	4.79e+08	3.724	4.642	4.495	4.139	3.861	3.520	2.526	1.786	1.598
	0.0290	4.90e+08	3.739	4.674	4.524	4.160	3.877	3.532	2.529	1.786	1.598
	0.0290	5.01e+08	3.753	4.706	4.553	4.181	3.893	3.544	2.533	1.788	1.598
	0.0290	5.13e+08	3.768	4.738	4.583	4.202	3.909	3.556	2.536	1.789	1.599
	0.0290	5.25e+08	3.782	4.770	4.614	4.224	3.926	3.568	2.540	1.790	1.598
	0.0290	5.37e+08	3.797	4.802	4.645	4.245	3.943	3.580	2.545	1.793	1.601
	0.0290	5.50e+08	3.811	4.834	4.676	4.267	3.959	3.592	2.548	1.794	1.601
	0.0290	5.62e+08	3.825	4.866	4.707	4.289	3.976	3.604	2.551	1.795	1.601
	0.0290	5.76e+08	3.840	4.899	4.738	4.311	3.993	3.617	2.557	1.799	1.604
	0.0290	5.89e+08	3.853	4.931	4.769	4.332	4.010	3.629	2.561	1.800	1.604
	0.0290	6.03e+08	3.866	4.963	4.800	4.354	4.027	3.641	2.563	1.800	1.603
	0.0290	6.17e+08	3.882	4.994	4.831	4.377	4.045	3.655	2.571	1.806	1.609
	0.0290	6.31e+08	3.894	5.026	4.861	4.399	4.062	3.667	2.574	1.806	1.608
	0.0290	6.46e+08	3.909	5.057	4.892	4.421	4.079	3.680	2.580	1.810	1.612
	0.0290	6.61e+08	3.923	5.089	4.923	4.443	4.096	3.693	2.586	1.815	1.615
	0.0290	6.76e+08	3.935	5.120	4.955	4.465	4.113	3.704	2.589	1.815	1.615
	0.0290	6.92e+08	3.948	5.152	4.985	4.487	4.130	3.717	2.594	1.819	1.618
	0.0290	7.08e+08	3.961	5.183	5.015	4.509	4.146	3.729	2.599	1.822	1.620
	0.0290	7.25e+08	3.973	5.215	5.046	4.531	4.163	3.741	2.603	1.824	1.622
	0.0290	7.41e+08	3.986	5.247	5.077	4.552	4.180	3.752	2.609	1.828	1.625
	0.0290	7.59e+08	3.999	5.280	5.109	4.575	4.197	3.764	2.613	1.831	1.627
	0.0290	7.76e+08	4.010	5.312	5.139	4.596	4.213	3.776	2.617	1.833	1.628
	0.0290	7.94e+08	4.023	5.344	5.170	4.617	4.229	3.787	2.622	1.836	1.631
	0.0290	8.13e+08	4.025	5.376	5.199	4.637	4.241	3.792	2.616	1.826	1.619
	0.0290	8.32e+08	4.041	5.409	5.230	4.659	4.259	3.805	2.627	1.835	1.628
	0.0290	8.51e+08	4.056	5.442	5.261	4.681	4.276	3.818	2.637	1.843	1.637
	0.0290	8.71e+08	4.071	5.475	5.292	4.705	4.299	3.841	2.632	1.841	1.637
	0.0290	8.91e+08	4.086	5.508	5.323	4.728	4.317	3.855	2.643	1.850	1.647
	0.0290	9.12e+08	4.104	5.541	5.353	4.750	4.335	3.870	2.657	1.862	1.660
	0.0290	9.33e+08	4.118	5.574	5.383	4.772	4.352	3.883	2.667	1.869	1.668
	0.0290	9.55e+08	4.132	5.607	5.414	4.794	4.369	3.896	2.677	1.877	1.677
	0.0290	9.77e+08	4.147	5.639	5.443	4.817	4.391	3.919	2.673	1.875	1.677
	0.0290	1.00e+09	4.162	5.672	5.473	4.839	4.408	3.932	2.685	1.885	1.688
	0.0290	1.02e+09	4.177	5.705	5.503	4.860	4.425	3.945	2.696	1.894	1.698
	0.0290	1.05e+09	4.192	5.739	5.532	4.881	4.442	3.958	2.709	1.905	1.710
	0.0290	1.07e+09	4.208	5.773	5.562	4.904	4.463	3.977	2.714	1.909	1.717
	0.0290	1.10e+09	4.222	5.806	5.591	4.926	4.481	3.993	2.720	1.913	1.723
	0.0290	1.12e+09	4.237	5.839	5.620	4.947	4.498	4.006	2.730	1.922	1.733
	0.0290	1.15e+09	4.250	5.872	5.648	4.967	4.514	4.018	2.740	1.931	1.743
	0.0290	1.18e+09	4.253	5.904	5.676	4.987	4.529	4.026	2.734	1.921	1.732
	0.0290	1.20e+09	4.264	5.936	5.701	5.001	4.537	4.032	2.742	1.930	1.742
	0.0290	1.23e+09	4.272	5.968	5.725	5.014	4.545	4.036	2.747	1.935	1.747
	0.0290	1.26e+09	4.280	5.999	5.748	5.026	4.551	4.038	2.753	1.942	1.755
	0.0290	1.29e+09	4.287	6.030	5.770	5.036	4.554	4.038	2.756	1.946	1.759
	0.0290	1.32e+09	4.290	6.061	5.791	5.045	4.557	4.037	2.756	1.946	1.760
	0.0290	1.35e+09	4.290	6.089	5.810	5.050	4.556	4.031	2.752	1.943	1.756
	0.0290	1.38e+09	4.290	6.117	5.827	5.055	4.554	4.024	2.749	1.941	1.755
	0.0290	1.41e+09	4.296	6.144	5.845	5.065	4.559	4.027	2.753	1.946	1.760
	0.0290	1.45e+09	4.302	6.171	5.863	5.073	4.562	4.027	2.757	1.951	1.765
	0.0290	1.48e+09	4.303	6.197	5.878	5.077	4.561	4.023	2.755	1.950	1.765
	0.0290	1.51e+09	4.034	6.217	5.869	5.031	4.476	3.861	2.420	1.563	1.369
	0.0290	1.55e+09	3.677	4.035	4.251	4.073	3.854	3.583	2.945	2.349	2.230
	0.0290	1.59e+09	3.320	3.707	3.930	3.741	3.520	3.244	2.570	1.960	1.832
	0.0290	1.62e+09	3.343	3.608	3.767	3.627	3.451	3.232	2.715	2.199	2.093
	0.0290	1.66e+09	3.452	3.774	3.926	3.763	3.561	3.312	2.743	2.198	2.087
	0.0290	1.70e+09	3.784	4.279	4.407	4.187	3.928	3.597	2.859	2.215	2.084
	0.0290	1.74e+09	4.330	5.403	5.398	4.951	4.567	4.113	3.002	2.223	2.055
	0.0290	1.78e+09	4.717	6.542	6.233	5.427	4.906	4.372	3.196	2.418	2.240
	0.0290	1.82e+09	4.741	6.583	6.270	5.456	4.932	4.395	3.218	2.439	2.261
	0.0290	1.86e+09	4.767	6.621	6.304	5.485	4.958	4.419	3.243	2.464	2.287
	0.0290	1.91e+09	4.794	6.657	6.337	5.515	4.985	4.444	3.268	2.489	2.311
	0.0290	1.95e+09	4.821	6.693	6.371	5.546	5.015	4.471	3.293	2.514	2.336
	0.0290	2.00e+09	4.878	6.728	6.404	5.577	5.046	4.507	3.362	2.594	2.419
	0.0290	2.04e+09	4.901	6.762	6.432	5.599	5.065	4.525	3.385	2.618	2.444
	0.0290	2.09e+09	4.923	6.796	6.460	5.621	5.085	4.542	3.406	2.639	2.466
	0.0290	2.14e+09	4.943	6.830	6.487	5.644	5.105	4.561	3.425	2.659	2.486
	0.0290	2.19e+09	4.968	6.864	6.516	5.668	5.127	4.582	3.450	2.686	2.513
	0.0290	2.24e+09	4.994	6.898	6.545	5.693	5.151	4.604	3.476	2.712	2.540
	0.0290	2.29e+09	5.023	6.932	6.573	5.716	5.172	4.625	3.507	2.746	2.577
	0.0290	2.34e+09	5.044	6.970	6.605	5.743	5.196	4.646	3.526	2.763	2.594
	0.0290	2.40e+09	5.071	7.008	6.639	5.773	5.225	4.673	3.552	2.789	2.619
	0.0290	2.46e+09	5.090	7.035	6.665	5.796	5.246	4.692	3.571	2.807	2.638
	0.0290	2.51e+09	5.113	7.072	6.695	5.822	5.269	4.714	3.593	2.829	2.660
	0.0290	2.57e+09	5.138	7.109	6.726	5.849	5.294	4.737	3.616	2.852	2.685
	0.0290	2.63e+09	5.161	7.145	6.758	5.876	5.318	4.759	3.638	2.874	2.706
	0.0290	2.69e+09	5.195	7.175	6.786	5.901	5.343	4.784	3.677	2.917	2.751
	0.0290	2.75e+09	5.213	7.208	6.811	5.922	5.361	4.801	3.693	2.933	2.767
	0.0290	2.82e+09	5.228	7.244	6.839	5.944	5.380	4.817	3.705	2.944	2.778
	0.0290	2.88e+09	5.245	7.274	6.865	5.964	5.398	4.833	3.721	2.959	2.793
	0.0290	2.95e+09	5.262	7.308	6.891	5.985	5.416	4.849	3.736	2.975	2.809
	0.0290	3.02e+09	5.281	7.342	6.918	6.006	5.435	4.866	3.754	2.993	2.828
	0.0290	3.09e+09	5.300	7.376	6.944	6.027	5.453	4.883	3.772	3.011	2.846
	0.0290	3.16e+09	5.320	7.410	6.971	6.048	5.472	4.901	3.791	3.031	2.866
	0.0290	3.24e+09	5.341	7.453	6.996	6.068	5.489	4.915	3.810	3.049	2.887
	0.0290	3.31e+09	5.358	7.485	7.021	6.087	5.506	4.931	3.826	3.065	2.903
	0.0290	3.39e+09	5.374	7.516	7.044	6.106	5.523	4.946	3.839	3.078	2.916
	0.0290	3.47e+09	5.391	7.546	7.068	6.125	5.540	4.962	3.856	3.094	2.932
	0.0290	3.55e+09	5.407	7.576	7.091	6.144	5.557	4.979	3.871	3.109	2.947
	0.0290	3.63e+09	5.424	7.606	7.115	6.164	5.576	4.995	3.887	3.124	2.963
	0.0290	3.72e+09	5.457	7.639	7.144	6.192	5.604	5.025	3.920	3.159	2.998
	0.0290	3.80e+09	5.478	7.672	7.173	6.218	5.628	5.048	3.939	3.178	3.016
	0.0290	3.89e+09	5.510	7.692	7.197	6.242	5.652	5.072	3.978	3.220	3.061
	0.0290	3.98e+09	5.525	7.724	7.222	6.262	5.670	5.089	3.990	3.231	3.071
	0.0290	4.07e+09	5.542	7.753	7.245	6.282	5.688	5.106	4.005	3.246	3.086
	0.0290	4.17e+09	5.560	7.778	7.267	6.301	5.707	5.123	4.023	3.264	3.104
	0.0290	4.27e+09	5.575	7.801	7.287	6.319	5.724	5.139	4.037	3.277	3.117
	0.0290	4.37e+09	5.593	7.824	7.307	6.338	5.742	5.157	4.054	3.293	3.133
	0.0290	4.47e+09	5.612	7.840	7.323	6.355	5.758	5.173	4.074	3.315	3.156
	0.0290	4.57e+09	5.633	7.866	7.346	6.375	5.777	5.192	4.096	3.337	3.179
	0.0290	4.68e+09	5.650	7.869	7.357	6.392	5.796	5.211	4.114	3.355	3.196
	0.0290	4.79e+09	5.697	7.924	7.397	6.428	5.831	5.248	4.161	3.406	3.248
	0.0290	4.90e+09	5.717	7.951	7.420	6.448	5.851	5.268	4.181	3.426	3.268
	0.0290	5.01e+09	5.733	7.978	7.443	6.469	5.871	5.286	4.194	3.438	3.280
	0.0290	5.13e+09	5.752	8.006	7.467	6.490	5.891	5.304	4.213	3.456	3.299
	0.0290	5.25e+09	5.769	8.034	7.490	6.511	5.909	5.321	4.229	3.472	3.314
	0.0290	5.37e+09	5.791	8.063	7.514	6.533	5.930	5.341	4.251	3.494	3.337
	0.0290	5.50e+09	5.808	8.092	7.539	6.555	5.951	5.360	4.265	3.507	3.349
	0.0290	5.62e+09	5.826	8.122	7.564	6.577	5.972	5.380	4.282	3.523	3.366
	0.0290	5.76e+09	5.852	8.152	7.590	6.600	5.994	5.402	4.310	3.552	3.395
	0.0290	5.89e+09	5.872	8.182	7.615	6.623	6.015	5.421	4.328	3.569	3.413
	0.0290	6.03e+09	5.904	8.217	7.650	6.658	6.050	5.455	4.359	3.600	3.444
	0.0290	6.17e+09	5.927	8.247	7.675	6.680	6.071	5.475	4.383	3.624	3.468
	0.0290	6.31e+09	5.956	8.278	7.702	6.706	6.095	5.499	4.413	3.656	3.501
	0.0290	6.46e+09	5.991	8.309	7.731	6.735	6.125	5.531	4.449	3.694	3.540
	0.0290	6.61e+09	6.005	8.337	7.753	6.754	6.143	5.547	4.461	3.705	3.550
	0.0290	6.76e+09	6.026	8.364	7.775	6.774	6.161	5.565	4.483	3.728	3.574
	0.0290	6.92e+09	6.040	8.392	7.798	6.793	6.179	5.581	4.494	3.738	3.584
	0.0290	7.08e+09	6.055	8.420	7.820	6.813	6.198	5.598	4.507	3.750	3.594
	0.0290	7.25e+09	6.078	8.448	7.843	6.833	6.216	5.617	4.532	3.777	3.622
	0.0290	7.41e+09	6.098	8.476	7.866	6.853	6.235	5.635	4.552	3.797	3.643
	0.0290	7.59e+09	6.113	8.505	7.889	6.874	6.254	5.652	4.564	3.808	3.653
	0.0290	7.76e+09	6.131	8.534	7.913	6.895	6.274	5.671	4.580	3.824	3.669
	0.0290	7.94e+09	6.154	8.565	7.938	6.918	6.296	5.692	4.603	3.848	3.693
	0.0290	8.13e+09	6.181	8.594	7.962	6.938	6.315	5.712	4.633	3.881	3.728
	0.0290	8.32e+09	6.191	8.622	7.984	6.958	6.333	5.726	4.639	3.883	3.729
	0.0290	8.51e+09	6.218	8.650	8.007	6.978	6.352	5.747	4.669	3.916	3.764
	0.0290	8.71e+09	6.234	8.679	8.031	6.999	6.372	5.764	4.682	3.928	3.775
	0.0290	8.91e+09	6.250	8.707	8.054	7.019	6.390	5.781	4.697	3.942	3.789
	0.0290	9.12e+09	6.272	8.736	8.076	7.040	6.409	5.800	4.720	3.967	3.814
	0.0290	9.33e+09	6.289	8.765	8.100	7.060	6.428	5.817	4.736	3.982	3.829
	0.0290	9.55e+09	6.306	8.793	8.122	7.080	6.446	5.833	4.753	3.999	3.847
	0.0290	9.77e+09	6.322	8.823	8.146	7.100	6.465	5.849	4.766	4.012	3.859
	0.0290	1.00e+10	6.358	8.852	8.170	7.122	6.486	5.873	4.807	4.059	3.909
	0.0290	1.02e+10	6.381	8.881	8.193	7.143	6.505	5.892	4.832	4.084	3.937
	0.0290	1.05e+10	6.384	8.908	8.213	7.159	6.520	5.903	4.830	4.077	3.928
	0.0290	1.07e+10	6.405	8.936	8.235	7.180	6.539	5.923	4.850	4.098	3.949
	0.0290	1.10e+10	6.425	8.964	8.257	7.198	6.556	5.939	4.872	4.121	3.973
	0.0290	1.12e+10	6.440	8.991	8.279	7.217	6.574	5.955	4.885	4.134	3.985
	0.0290	1.15e+10	6.456	9.019	8.300	7.236	6.591	5.971	4.900	4.148	3.999
	0.0290	1.18e+10	6.469	9.047	8.322	7.256	6.609	5.987	4.910	4.156	4.007
	0.0290	1.20e+10	6.491	9.074	8.344	7.275	6.627	6.004	4.933	4.181	4.033
	0.0290	1.23e+10	6.506	9.102	8.366	7.295	6.646	6.022	4.947	4.194	4.045
	0.0290	1.26e+10	6.512	9.129	8.388	7.315	6.663	6.036	4.947	4.190	4.040
	0.0290	1.29e+10	6.537	9.156	8.411	7.335	6.684	6.057	4.973	4.218	4.068
	0.0290	1.32e+10	6.542	9.200	8.438	7.354	6.698	6.067	4.974	4.216	4.065
