# File generated by CMD 2.7 (http://stev.oapd.inaf.it/cmd) on Mon Jun 15 16:04:53 CEST 2015
# Basic reference: Marigo et al. (2008, A&A 482, 883) 
# but applying the corrections from Case A in Girardi et al. (2010, ApJ 724, 1030) 
# + Bertelli et al. (1994, A&AS, 106, 275) for the Mi>7.0 Msun interval
# Photometric system: <i>UBVRIJHK</i> (cf. Maiz-Apellaniz 2006 + Bessell 1990)
# Using OBC version of bolometric corrections as detailed in Marigo et al. (2008, A&A 482, 883) and Girardi et al. (2008, PASP 120, 583)
# BCs of Carbon stars derive from Loidl et al. (2001, A&A 342, 531)
# O-rich circumstellar dust ignored
# C-rich circumstellar dust ignored
# IMF: Kroupa (2001, 2002) + Kroupa et al. (2013) canonical two-part-power law IMF corrected for unresolved binaries 
# Kind of output: SSP integrated magnitudes
#	Z	Age		mbol    U       B       V       R       I       J       H       K
	0.0006	3.98e+06	-2.572	-1.147	-0.537	-0.479	-0.503	-0.540	-0.574	-0.654	-0.657
	0.0006	4.07e+06	-2.530	-0.960	-0.393	-0.516	-0.677	-0.862	-1.125	-1.344	-1.381
	0.0006	4.17e+06	-2.498	-0.940	-0.365	-0.485	-0.643	-0.827	-1.089	-1.310	-1.347
	0.0006	4.27e+06	-2.464	-0.919	-0.337	-0.453	-0.610	-0.792	-1.053	-1.275	-1.311
	0.0006	4.37e+06	-2.428	-0.898	-0.309	-0.421	-0.576	-0.756	-1.015	-1.239	-1.275
	0.0006	4.47e+06	-2.392	-0.876	-0.281	-0.388	-0.541	-0.719	-0.977	-1.202	-1.238
	0.0006	4.57e+06	-2.355	-0.857	-0.257	-0.358	-0.509	-0.684	-0.939	-1.165	-1.201
	0.0006	4.68e+06	-2.317	-0.826	-0.219	-0.318	-0.467	-0.641	-0.895	-1.124	-1.159
	0.0006	4.79e+06	-2.278	-0.792	-0.181	-0.276	-0.423	-0.596	-0.849	-1.080	-1.116
	0.0006	4.90e+06	-2.238	-0.744	-0.118	-0.210	-0.356	-0.528	-0.782	-1.016	-1.052
	0.0006	5.01e+06	-2.196	-0.693	-0.041	-0.119	-0.260	-0.427	-0.676	-0.914	-0.949
	0.0006	5.13e+06	-2.159	-0.652	0.010	-0.074	-0.220	-0.393	-0.652	-0.901	-0.937
	0.0006	5.25e+06	-2.123	-0.614	0.055	-0.036	-0.188	-0.368	-0.640	-0.899	-0.937
	0.0006	5.37e+06	-2.086	-0.574	0.100	0.003	-0.157	-0.344	-0.628	-0.897	-0.936
	0.0006	5.50e+06	-2.047	-0.532	0.148	0.042	-0.124	-0.319	-0.615	-0.896	-0.937
	0.0006	5.62e+06	-2.006	-0.487	0.196	0.083	-0.091	-0.294	-0.603	-0.895	-0.937
	0.0006	5.75e+06	-1.965	-0.441	0.246	0.124	-0.058	-0.269	-0.591	-0.895	-0.938
	0.0006	5.89e+06	-1.922	-0.392	0.298	0.167	-0.023	-0.243	-0.579	-0.894	-0.939
	0.0006	6.03e+06	-1.877	-0.352	0.332	0.194	-0.002	-0.228	-0.574	-0.900	-0.946
	0.0006	6.17e+06	-1.803	-0.291	0.363	0.215	0.012	-0.220	-0.576	-0.910	-0.958
	0.0006	6.31e+06	-1.782	-0.343	0.326	0.243	0.085	-0.106	-0.410	-0.721	-0.764
	0.0006	6.46e+06	-1.743	-0.451	0.276	0.420	0.463	0.520	0.675	0.694	0.730
	0.0006	6.61e+06	-1.715	-0.432	0.292	0.436	0.477	0.533	0.686	0.705	0.740
	0.0006	6.76e+06	-1.686	-0.412	0.309	0.451	0.493	0.547	0.699	0.717	0.752
	0.0006	6.92e+06	-1.658	-0.393	0.325	0.466	0.507	0.560	0.710	0.726	0.761
	0.0006	7.08e+06	-1.629	-0.374	0.342	0.481	0.521	0.574	0.721	0.737	0.771
	0.0006	7.24e+06	-1.600	-0.353	0.358	0.497	0.536	0.588	0.733	0.748	0.781
	0.0006	7.41e+06	-1.570	-0.333	0.375	0.513	0.551	0.602	0.745	0.758	0.792
	0.0006	7.59e+06	-1.539	-0.312	0.393	0.528	0.566	0.615	0.757	0.768	0.801
	0.0006	7.76e+06	-1.508	-0.291	0.409	0.544	0.580	0.629	0.768	0.779	0.811
	0.0006	7.94e+06	-1.477	-0.269	0.427	0.560	0.596	0.643	0.780	0.789	0.820
	0.0006	8.13e+06	-1.446	-0.248	0.444	0.576	0.611	0.657	0.791	0.799	0.830
	0.0006	8.32e+06	-1.417	-0.227	0.461	0.591	0.625	0.670	0.802	0.809	0.839
	0.0006	8.51e+06	-1.386	-0.205	0.478	0.607	0.641	0.684	0.814	0.819	0.848
	0.0006	8.71e+06	-1.355	-0.182	0.496	0.624	0.656	0.699	0.826	0.829	0.858
	0.0006	8.91e+06	-1.323	-0.158	0.519	0.646	0.678	0.720	0.845	0.847	0.876
	0.0006	9.12e+06	-1.291	-0.128	0.551	0.679	0.712	0.755	0.880	0.882	0.911
	0.0006	9.33e+06	-1.258	-0.094	0.592	0.723	0.758	0.803	0.932	0.934	0.963
	0.0006	9.55e+06	-1.226	-0.061	0.632	0.767	0.803	0.850	0.981	0.982	1.012
	0.0006	9.77e+06	-1.192	-0.027	0.674	0.810	0.848	0.897	1.029	1.029	1.059
	0.0006	1.00e+07	-1.159	0.007	0.715	0.853	0.892	0.941	1.074	1.073	1.102
	0.0006	1.02e+07	-1.126	0.040	0.756	0.895	0.935	0.985	1.117	1.114	1.143
	0.0006	1.05e+07	-1.092	0.073	0.797	0.937	0.977	1.027	1.158	1.152	1.181
	0.0006	1.07e+07	-1.058	0.107	0.839	0.979	1.018	1.067	1.196	1.187	1.215
	0.0006	1.10e+07	-1.023	0.142	0.881	1.021	1.059	1.107	1.232	1.219	1.246
	0.0006	1.12e+07	-0.988	0.179	0.922	1.062	1.099	1.146	1.266	1.248	1.274
	0.0006	1.15e+07	-0.951	0.216	0.964	1.102	1.138	1.183	1.298	1.273	1.298
	0.0006	1.17e+07	-0.916	0.253	1.004	1.142	1.176	1.218	1.326	1.294	1.317
	0.0006	1.20e+07	-0.880	0.291	1.045	1.181	1.213	1.252	1.351	1.312	1.333
	0.0006	1.23e+07	-0.844	0.330	1.087	1.221	1.250	1.285	1.374	1.324	1.343
	0.0006	1.26e+07	-0.806	0.369	1.129	1.260	1.287	1.317	1.394	1.334	1.350
	0.0006	1.29e+07	-0.767	0.409	1.171	1.300	1.322	1.348	1.412	1.339	1.352
	0.0006	1.32e+07	-0.728	0.449	1.214	1.339	1.358	1.377	1.427	1.339	1.349
	0.0006	1.35e+07	-0.687	0.492	1.257	1.379	1.393	1.407	1.441	1.336	1.343
	0.0006	1.38e+07	-0.645	0.536	1.302	1.419	1.429	1.435	1.452	1.329	1.331
	0.0006	1.41e+07	-0.602	0.581	1.346	1.459	1.464	1.463	1.460	1.317	1.315
	0.0006	1.45e+07	-0.559	0.627	1.392	1.501	1.500	1.491	1.467	1.302	1.296
	0.0006	1.48e+07	-0.509	0.720	1.518	1.617	1.598	1.556	1.449	1.191	1.168
	0.0006	1.51e+07	-0.455	0.786	1.580	1.674	1.649	1.599	1.478	1.211	1.186
	0.0006	1.55e+07	-0.401	0.856	1.655	1.749	1.723	1.673	1.549	1.277	1.252
	0.0006	1.58e+07	-0.372	0.876	1.668	1.759	1.731	1.679	1.551	1.280	1.255
	0.0006	1.62e+07	-0.342	0.896	1.681	1.769	1.739	1.684	1.554	1.282	1.257
	0.0006	1.66e+07	-0.313	0.915	1.694	1.779	1.747	1.690	1.558	1.286	1.261
	0.0006	1.70e+07	-0.284	0.935	1.707	1.788	1.755	1.696	1.561	1.289	1.263
	0.0006	1.74e+07	-0.254	0.955	1.720	1.798	1.762	1.702	1.564	1.293	1.267
	0.0006	1.78e+07	-0.224	0.975	1.733	1.808	1.771	1.708	1.568	1.297	1.271
	0.0006	1.82e+07	-0.194	0.995	1.745	1.817	1.778	1.714	1.572	1.301	1.275
	0.0006	1.86e+07	-0.163	1.015	1.758	1.827	1.786	1.720	1.576	1.305	1.279
	0.0006	1.91e+07	-0.131	1.036	1.771	1.837	1.795	1.726	1.580	1.310	1.284
	0.0006	1.95e+07	-0.100	1.057	1.785	1.847	1.803	1.733	1.584	1.315	1.288
	0.0006	2.00e+07	-0.068	1.078	1.798	1.858	1.812	1.740	1.589	1.320	1.294
	0.0006	2.04e+07	-0.035	1.102	1.821	1.889	1.851	1.789	1.659	1.403	1.380
	0.0006	2.09e+07	0.001	1.137	1.854	1.919	1.879	1.814	1.679	1.420	1.396
	0.0006	2.14e+07	0.037	1.171	1.882	1.944	1.902	1.835	1.695	1.434	1.409
	0.0006	2.19e+07	0.065	1.189	1.894	1.955	1.914	1.847	1.708	1.448	1.423
	0.0006	2.24e+07	0.091	1.204	1.902	1.961	1.918	1.850	1.708	1.449	1.424
	0.0006	2.29e+07	0.118	1.220	1.910	1.967	1.923	1.853	1.710	1.449	1.424
	0.0006	2.34e+07	0.145	1.236	1.918	1.973	1.927	1.856	1.711	1.450	1.424
	0.0006	2.40e+07	0.172	1.252	1.926	1.978	1.931	1.859	1.711	1.450	1.424
	0.0006	2.45e+07	0.198	1.268	1.935	1.984	1.936	1.862	1.712	1.450	1.425
	0.0006	2.51e+07	0.225	1.284	1.943	1.990	1.941	1.865	1.713	1.451	1.425
	0.0006	2.57e+07	0.252	1.300	1.951	1.996	1.945	1.868	1.714	1.451	1.425
	0.0006	2.63e+07	0.279	1.316	1.959	2.002	1.950	1.871	1.715	1.452	1.426
	0.0006	2.69e+07	0.306	1.332	1.968	2.008	1.954	1.874	1.716	1.452	1.425
	0.0006	2.75e+07	0.332	1.348	1.976	2.014	1.959	1.877	1.717	1.452	1.426
	0.0006	2.82e+07	0.359	1.364	1.984	2.020	1.963	1.880	1.718	1.453	1.426
	0.0006	2.88e+07	0.386	1.381	1.993	2.026	1.968	1.883	1.718	1.453	1.426
	0.0006	2.95e+07	0.412	1.398	2.001	2.032	1.973	1.886	1.719	1.453	1.426
	0.0006	3.02e+07	0.439	1.415	2.010	2.038	1.978	1.890	1.720	1.453	1.425
	0.0006	3.09e+07	0.467	1.432	2.020	2.045	1.983	1.893	1.721	1.454	1.425
	0.0006	3.16e+07	0.495	1.450	2.029	2.052	1.988	1.897	1.722	1.454	1.425
	0.0006	3.24e+07	0.523	1.468	2.039	2.059	1.993	1.900	1.722	1.453	1.424
	0.0006	3.31e+07	0.550	1.486	2.049	2.066	1.999	1.904	1.723	1.454	1.425
	0.0006	3.39e+07	0.578	1.504	2.059	2.073	2.005	1.908	1.724	1.454	1.424
	0.0006	3.47e+07	0.608	1.526	2.078	2.094	2.029	1.935	1.758	1.492	1.463
	0.0006	3.55e+07	0.639	1.553	2.100	2.114	2.047	1.951	1.769	1.500	1.471
	0.0006	3.63e+07	0.670	1.581	2.126	2.139	2.071	1.975	1.792	1.522	1.493
	0.0006	3.72e+07	0.696	1.599	2.140	2.153	2.085	1.987	1.804	1.533	1.504
	0.0006	3.80e+07	0.722	1.617	2.155	2.167	2.098	2.001	1.816	1.545	1.515
	0.0006	3.89e+07	0.747	1.635	2.169	2.180	2.111	2.014	1.828	1.556	1.527
	0.0006	3.98e+07	0.773	1.654	2.184	2.194	2.125	2.027	1.841	1.569	1.539
	0.0006	4.07e+07	0.799	1.672	2.199	2.208	2.139	2.040	1.854	1.580	1.551
	0.0006	4.17e+07	0.825	1.691	2.214	2.222	2.153	2.054	1.866	1.592	1.562
	0.0006	4.27e+07	0.851	1.709	2.228	2.237	2.167	2.067	1.879	1.605	1.574
	0.0006	4.37e+07	0.877	1.728	2.243	2.251	2.180	2.081	1.892	1.616	1.586
	0.0006	4.47e+07	0.904	1.747	2.258	2.265	2.194	2.094	1.905	1.628	1.598
	0.0006	4.57e+07	0.930	1.765	2.273	2.279	2.208	2.108	1.917	1.640	1.610
	0.0006	4.68e+07	0.956	1.783	2.288	2.293	2.222	2.121	1.930	1.652	1.622
	0.0006	4.79e+07	0.982	1.802	2.302	2.307	2.236	2.135	1.943	1.665	1.634
	0.0006	4.90e+07	1.008	1.821	2.318	2.322	2.250	2.149	1.956	1.677	1.646
	0.0006	5.01e+07	1.035	1.840	2.333	2.336	2.264	2.163	1.969	1.689	1.658
	0.0006	5.13e+07	1.062	1.860	2.349	2.352	2.281	2.180	1.988	1.709	1.678
	0.0006	5.25e+07	1.090	1.880	2.365	2.369	2.299	2.199	2.010	1.736	1.706
	0.0006	5.37e+07	1.118	1.901	2.383	2.386	2.315	2.215	2.026	1.753	1.723
	0.0006	5.50e+07	1.147	1.923	2.400	2.403	2.332	2.233	2.044	1.772	1.742
	0.0006	5.62e+07	1.173	1.941	2.414	2.415	2.345	2.245	2.056	1.784	1.754
	0.0006	5.75e+07	1.198	1.959	2.428	2.428	2.357	2.257	2.068	1.796	1.766
	0.0006	5.89e+07	1.224	1.978	2.442	2.441	2.369	2.269	2.079	1.808	1.778
	0.0006	6.03e+07	1.250	1.996	2.456	2.454	2.382	2.281	2.090	1.820	1.790
	0.0006	6.17e+07	1.276	2.015	2.470	2.467	2.395	2.293	2.102	1.832	1.802
	0.0006	6.31e+07	1.303	2.035	2.484	2.480	2.407	2.305	2.114	1.844	1.814
	0.0006	6.46e+07	1.330	2.054	2.499	2.494	2.420	2.318	2.126	1.855	1.825
	0.0006	6.61e+07	1.357	2.074	2.514	2.508	2.434	2.331	2.138	1.868	1.837
	0.0006	6.76e+07	1.384	2.094	2.530	2.524	2.451	2.350	2.159	1.891	1.862
	0.0006	6.92e+07	1.412	2.116	2.550	2.544	2.472	2.370	2.180	1.913	1.883
	0.0006	7.08e+07	1.440	2.140	2.570	2.562	2.488	2.386	2.194	1.925	1.895
	0.0006	7.24e+07	1.469	2.164	2.589	2.579	2.504	2.400	2.206	1.936	1.906
	0.0006	7.41e+07	1.495	2.184	2.605	2.594	2.518	2.414	2.220	1.951	1.921
	0.0006	7.59e+07	1.519	2.202	2.618	2.605	2.528	2.422	2.226	1.957	1.926
	0.0006	7.76e+07	1.544	2.220	2.631	2.616	2.538	2.431	2.233	1.962	1.932
	0.0006	7.94e+07	1.569	2.239	2.644	2.628	2.549	2.440	2.239	1.968	1.937
	0.0006	8.13e+07	1.593	2.257	2.658	2.639	2.559	2.449	2.246	1.973	1.942
	0.0006	8.32e+07	1.618	2.276	2.671	2.651	2.569	2.458	2.252	1.978	1.947
	0.0006	8.51e+07	1.643	2.295	2.685	2.662	2.580	2.467	2.259	1.983	1.952
	0.0006	8.71e+07	1.668	2.314	2.699	2.674	2.590	2.476	2.265	1.989	1.957
	0.0006	8.91e+07	1.694	2.334	2.714	2.687	2.601	2.485	2.273	1.994	1.962
	0.0006	9.12e+07	1.719	2.353	2.728	2.699	2.612	2.495	2.279	1.999	1.967
	0.0006	9.33e+07	1.744	2.373	2.742	2.711	2.623	2.504	2.286	2.005	1.972
	0.0006	9.55e+07	1.770	2.393	2.758	2.727	2.639	2.520	2.301	2.020	1.988
	0.0006	9.77e+07	1.796	2.414	2.776	2.744	2.655	2.535	2.316	2.034	2.001
	0.0006	1.00e+08	1.823	2.438	2.796	2.761	2.670	2.548	2.323	2.038	2.004
	0.0006	1.02e+08	1.850	2.462	2.815	2.777	2.684	2.559	2.331	2.042	2.008
	0.0006	1.05e+08	1.679	2.476	2.804	2.681	2.474	2.172	1.482	0.788	0.596
	0.0006	1.07e+08	1.695	2.495	2.817	2.691	2.480	2.172	1.472	0.771	0.578
	0.0006	1.10e+08	1.712	2.515	2.831	2.701	2.486	2.173	1.462	0.756	0.561
	0.0006	1.12e+08	1.728	2.534	2.845	2.711	2.493	2.175	1.455	0.743	0.546
	0.0006	1.15e+08	1.744	2.554	2.859	2.721	2.499	2.176	1.445	0.728	0.529
	0.0006	1.17e+08	1.760	2.574	2.874	2.733	2.507	2.178	1.437	0.713	0.513
	0.0006	1.20e+08	1.776	2.594	2.889	2.744	2.514	2.181	1.429	0.699	0.497
	0.0006	1.23e+08	1.791	2.615	2.905	2.757	2.523	2.182	1.418	0.680	0.478
	0.0006	1.26e+08	1.807	2.636	2.921	2.769	2.530	2.184	1.409	0.666	0.462
	0.0006	1.29e+08	1.823	2.657	2.938	2.784	2.542	2.186	1.395	0.642	0.439
	0.0006	1.32e+08	1.844	2.677	2.952	2.794	2.551	2.196	1.408	0.658	0.453
	0.0006	1.35e+08	1.858	2.697	2.966	2.803	2.555	2.195	1.398	0.643	0.438
	0.0006	1.38e+08	1.873	2.717	2.981	2.813	2.560	2.194	1.389	0.630	0.424
	0.0006	1.41e+08	1.887	2.737	2.995	2.823	2.565	2.194	1.381	0.618	0.410
	0.0006	1.45e+08	1.901	2.758	3.010	2.832	2.570	2.193	1.371	0.603	0.395
	0.0006	1.48e+08	1.916	2.778	3.026	2.844	2.577	2.195	1.365	0.592	0.383
	0.0006	1.51e+08	1.929	2.799	3.041	2.855	2.584	2.196	1.357	0.579	0.370
	0.0006	1.55e+08	1.943	2.821	3.059	2.868	2.592	2.197	1.349	0.566	0.355
	0.0006	1.59e+08	1.956	2.844	3.077	2.881	2.599	2.198	1.340	0.552	0.341
	0.0006	1.62e+08	1.970	2.867	3.095	2.892	2.607	2.201	1.336	0.546	0.333
	0.0006	1.66e+08	1.995	2.891	3.116	2.915	2.630	2.219	1.346	0.551	0.340
	0.0006	1.70e+08	2.019	2.911	3.132	2.931	2.648	2.238	1.365	0.573	0.360
	0.0006	1.74e+08	2.042	2.932	3.148	2.945	2.662	2.257	1.388	0.599	0.384
	0.0006	1.78e+08	2.066	2.953	3.166	2.961	2.679	2.275	1.406	0.619	0.403
	0.0006	1.82e+08	2.091	2.974	3.183	2.978	2.697	2.293	1.426	0.639	0.423
	0.0006	1.86e+08	2.114	2.996	3.200	2.994	2.713	2.310	1.443	0.658	0.441
	0.0006	1.91e+08	2.138	3.017	3.218	3.011	2.731	2.328	1.462	0.678	0.460
	0.0006	1.95e+08	2.163	3.039	3.236	3.029	2.750	2.347	1.481	0.699	0.481
	0.0006	2.00e+08	2.186	3.062	3.258	3.055	2.779	2.369	1.479	0.690	0.478
	0.0006	2.04e+08	2.211	3.084	3.277	3.074	2.797	2.388	1.499	0.711	0.498
	0.0006	2.09e+08	2.236	3.108	3.298	3.093	2.817	2.407	1.519	0.731	0.518
	0.0006	2.14e+08	2.261	3.132	3.319	3.113	2.836	2.426	1.538	0.751	0.538
	0.0006	2.19e+08	2.287	3.156	3.341	3.134	2.857	2.447	1.559	0.772	0.558
	0.0006	2.24e+08	2.327	3.171	3.351	3.136	2.865	2.486	1.660	0.900	0.674
	0.0006	2.29e+08	2.350	3.191	3.367	3.152	2.881	2.504	1.678	0.919	0.692
	0.0006	2.34e+08	2.374	3.211	3.384	3.169	2.899	2.522	1.699	0.938	0.711
	0.0006	2.40e+08	2.397	3.231	3.401	3.185	2.916	2.540	1.718	0.957	0.729
	0.0006	2.45e+08	2.421	3.251	3.418	3.202	2.933	2.558	1.737	0.976	0.747
	0.0006	2.51e+08	2.445	3.272	3.435	3.219	2.951	2.577	1.757	0.996	0.766
	0.0006	2.57e+08	2.468	3.292	3.452	3.236	2.968	2.594	1.776	1.014	0.783
	0.0006	2.63e+08	2.492	3.313	3.470	3.253	2.985	2.613	1.797	1.035	0.804
	0.0006	2.69e+08	2.517	3.334	3.488	3.271	3.005	2.633	1.818	1.055	0.823
	0.0006	2.75e+08	2.541	3.354	3.506	3.290	3.024	2.654	1.839	1.076	0.843
	0.0006	2.82e+08	2.565	3.376	3.524	3.309	3.044	2.675	1.861	1.097	0.863
	0.0006	2.88e+08	2.590	3.397	3.544	3.328	3.065	2.696	1.884	1.118	0.883
	0.0006	2.95e+08	2.615	3.420	3.564	3.348	3.085	2.717	1.904	1.138	0.901
	0.0006	3.02e+08	2.640	3.443	3.584	3.368	3.105	2.738	1.926	1.159	0.922
	0.0006	3.09e+08	2.666	3.466	3.605	3.388	3.126	2.759	1.948	1.181	0.943
	0.0006	3.16e+08	2.708	3.486	3.621	3.407	3.150	2.793	2.004	1.252	1.021
	0.0006	3.24e+08	2.728	3.504	3.635	3.419	3.161	2.804	2.018	1.269	1.040
	0.0006	3.31e+08	2.747	3.523	3.649	3.430	3.172	2.814	2.029	1.283	1.056
	0.0006	3.39e+08	2.768	3.542	3.664	3.443	3.183	2.826	2.043	1.300	1.075
	0.0006	3.47e+08	2.788	3.561	3.679	3.455	3.194	2.836	2.055	1.315	1.092
	0.0006	3.55e+08	2.808	3.581	3.695	3.468	3.206	2.848	2.069	1.331	1.110
	0.0006	3.63e+08	2.828	3.600	3.710	3.481	3.218	2.859	2.081	1.346	1.127
	0.0006	3.72e+08	2.848	3.620	3.726	3.494	3.229	2.870	2.094	1.360	1.144
	0.0006	3.80e+08	2.868	3.640	3.742	3.507	3.242	2.882	2.107	1.376	1.161
	0.0006	3.89e+08	2.888	3.660	3.759	3.520	3.254	2.894	2.119	1.390	1.176
	0.0006	3.98e+08	2.908	3.681	3.776	3.535	3.266	2.906	2.132	1.405	1.193
	0.0006	4.07e+08	2.929	3.702	3.794	3.551	3.282	2.921	2.148	1.423	1.212
	0.0006	4.17e+08	2.949	3.722	3.811	3.566	3.296	2.935	2.162	1.438	1.228
	0.0006	4.27e+08	2.971	3.743	3.830	3.582	3.312	2.950	2.178	1.456	1.247
	0.0006	4.37e+08	2.992	3.766	3.850	3.599	3.328	2.965	2.192	1.471	1.263
	0.0006	4.47e+08	3.013	3.790	3.873	3.618	3.344	2.980	2.206	1.486	1.279
	0.0006	4.57e+08	3.035	3.815	3.897	3.637	3.360	2.994	2.220	1.501	1.295
	0.0006	4.68e+08	3.058	3.842	3.922	3.657	3.377	3.009	2.234	1.516	1.311
	0.0006	4.79e+08	3.080	3.867	3.946	3.678	3.396	3.027	2.249	1.531	1.326
	0.0006	4.90e+08	3.127	3.890	3.968	3.703	3.426	3.066	2.311	1.606	1.407
	0.0006	5.01e+08	3.152	3.911	3.989	3.719	3.442	3.082	2.332	1.631	1.432
	0.0006	5.13e+08	3.176	3.933	4.009	3.736	3.458	3.098	2.353	1.653	1.456
	0.0006	5.25e+08	3.201	3.955	4.030	3.754	3.475	3.116	2.374	1.678	1.481
	0.0006	5.37e+08	3.225	3.977	4.051	3.771	3.491	3.133	2.395	1.701	1.505
	0.0006	5.50e+08	3.252	4.000	4.072	3.791	3.510	3.153	2.420	1.728	1.532
	0.0006	5.62e+08	3.277	4.022	4.093	3.810	3.529	3.172	2.443	1.755	1.559
	0.0006	5.76e+08	3.303	4.044	4.115	3.829	3.548	3.192	2.467	1.780	1.585
	0.0006	5.89e+08	3.329	4.068	4.138	3.849	3.568	3.212	2.491	1.807	1.612
	0.0006	6.03e+08	3.356	4.092	4.162	3.871	3.588	3.233	2.515	1.834	1.639
	0.0006	6.17e+08	3.383	4.118	4.187	3.892	3.609	3.253	2.538	1.858	1.664
	0.0006	6.31e+08	3.410	4.143	4.212	3.915	3.630	3.275	2.563	1.886	1.692
	0.0006	6.46e+08	3.439	4.170	4.237	3.938	3.652	3.298	2.589	1.914	1.721
	0.0006	6.61e+08	3.467	4.196	4.263	3.961	3.676	3.321	2.616	1.943	1.749
	0.0006	6.76e+08	3.513	4.219	4.285	3.982	3.698	3.351	2.672	2.021	1.839
	0.0006	6.92e+08	3.533	4.241	4.306	4.000	3.714	3.365	2.684	2.033	1.851
	0.0006	7.08e+08	3.552	4.264	4.327	4.017	3.729	3.378	2.695	2.043	1.862
	0.0006	7.25e+08	3.571	4.287	4.349	4.035	3.745	3.392	2.708	2.055	1.875
	0.0006	7.41e+08	3.591	4.310	4.370	4.053	3.761	3.406	2.720	2.067	1.886
	0.0006	7.59e+08	3.611	4.334	4.393	4.072	3.778	3.422	2.733	2.079	1.898
	0.0006	7.76e+08	3.632	4.357	4.415	4.090	3.794	3.437	2.748	2.094	1.912
	0.0006	7.94e+08	3.652	4.382	4.438	4.110	3.812	3.452	2.760	2.105	1.923
	0.0006	8.13e+08	3.673	4.406	4.461	4.129	3.830	3.469	2.776	2.120	1.938
	0.0006	8.32e+08	3.692	4.429	4.482	4.147	3.845	3.483	2.788	2.130	1.947
	0.0006	8.51e+08	3.713	4.453	4.505	4.166	3.863	3.499	2.803	2.145	1.961
	0.0006	8.71e+08	3.740	4.478	4.528	4.187	3.883	3.519	2.829	2.175	1.993
	0.0006	8.91e+08	3.760	4.501	4.549	4.203	3.897	3.532	2.842	2.189	2.008
	0.0006	9.12e+08	3.780	4.524	4.569	4.219	3.911	3.545	2.855	2.203	2.023
	0.0006	9.33e+08	3.799	4.547	4.590	4.236	3.926	3.558	2.869	2.218	2.038
	0.0006	9.55e+08	3.818	4.569	4.610	4.252	3.940	3.571	2.882	2.232	2.053
	0.0006	9.77e+08	3.837	4.591	4.630	4.267	3.953	3.583	2.895	2.246	2.068
	0.0006	1.00e+09	3.863	4.614	4.650	4.286	3.971	3.603	2.921	2.277	2.100
	0.0006	1.02e+09	3.882	4.635	4.669	4.301	3.985	3.616	2.935	2.293	2.118
	0.0006	1.05e+09	3.893	4.651	4.682	4.306	3.987	3.616	2.938	2.299	2.127
	0.0006	1.07e+09	3.910	4.670	4.699	4.320	3.999	3.627	2.950	2.314	2.143
	0.0006	1.10e+09	3.928	4.689	4.716	4.332	4.010	3.638	2.964	2.330	2.162
	0.0006	1.12e+09	3.945	4.708	4.732	4.345	4.021	3.649	2.976	2.346	2.179
	0.0006	1.15e+09	3.954	4.722	4.742	4.348	4.022	3.648	2.979	2.352	2.188
	0.0006	1.18e+09	3.927	4.735	4.747	4.336	3.998	3.612	2.923	2.285	2.120
	0.0006	1.20e+09	3.936	4.750	4.758	4.340	3.998	3.610	2.923	2.289	2.128
	0.0006	1.23e+09	3.939	4.763	4.766	4.338	3.991	3.601	2.917	2.286	2.128
	0.0006	1.26e+09	3.918	4.774	4.768	4.322	3.965	3.566	2.874	2.240	2.085
	0.0006	1.29e+09	3.919	4.784	4.771	4.315	3.953	3.553	2.866	2.237	2.084
	0.0006	1.32e+09	3.923	4.794	4.776	4.310	3.946	3.545	2.864	2.238	2.085
	0.0006	1.35e+09	3.809	4.827	4.785	4.275	3.877	3.438	2.681	2.000	1.828
	0.0006	1.38e+09	3.886	4.899	4.855	4.350	3.954	3.518	2.763	2.083	1.912
	0.0006	1.41e+09	3.982	4.979	4.933	4.440	4.050	3.618	2.869	2.191	2.021
	0.0006	1.45e+09	4.240	5.042	5.018	4.576	4.233	3.855	3.224	2.639	2.505
	0.0006	1.48e+09	4.277	5.066	5.040	4.595	4.253	3.880	3.265	2.696	2.572
	0.0006	1.51e+09	4.313	5.090	5.062	4.615	4.274	3.904	3.304	2.751	2.637
	0.0006	1.55e+09	4.347	5.114	5.084	4.635	4.294	3.927	3.341	2.802	2.695
	0.0006	1.59e+09	4.376	5.135	5.105	4.652	4.312	3.948	3.373	2.845	2.745
	0.0006	1.62e+09	4.405	5.157	5.125	4.669	4.329	3.966	3.401	2.885	2.791
	0.0006	1.66e+09	4.425	5.176	5.143	4.682	4.340	3.978	3.419	2.911	2.821
	0.0006	1.70e+09	4.445	5.198	5.163	4.696	4.352	3.989	3.435	2.932	2.846
	0.0006	1.74e+09	4.463	5.221	5.186	4.713	4.366	4.002	3.447	2.944	2.859
	0.0006	1.78e+09	4.482	5.245	5.208	4.730	4.381	4.015	3.460	2.957	2.873
	0.0006	1.82e+09	4.500	5.268	5.231	4.747	4.395	4.028	3.470	2.968	2.884
	0.0006	1.86e+09	4.518	5.293	5.255	4.766	4.411	4.041	3.482	2.979	2.895
	0.0006	1.91e+09	4.537	5.317	5.279	4.785	4.428	4.056	3.496	2.992	2.908
	0.0006	1.95e+09	4.556	5.341	5.303	4.804	4.445	4.072	3.511	3.007	2.924
	0.0006	2.00e+09	4.585	5.361	5.323	4.822	4.463	4.092	3.541	3.047	2.972
	0.0006	2.04e+09	4.603	5.383	5.345	4.842	4.480	4.108	3.556	3.061	2.986
	0.0006	2.09e+09	4.623	5.404	5.368	4.862	4.500	4.127	3.574	3.078	3.003
	0.0006	2.14e+09	4.639	5.424	5.388	4.878	4.514	4.139	3.585	3.089	3.015
	0.0006	2.19e+09	4.651	5.439	5.405	4.893	4.527	4.152	3.596	3.099	3.024
	0.0006	2.24e+09	4.669	5.461	5.426	4.911	4.544	4.167	3.610	3.113	3.038
	0.0006	2.29e+09	4.686	5.485	5.450	4.931	4.562	4.183	3.623	3.123	3.047
	0.0006	2.34e+09	4.708	5.512	5.477	4.955	4.584	4.204	3.642	3.141	3.064
	0.0006	2.40e+09	4.741	5.537	5.503	4.981	4.611	4.233	3.681	3.190	3.119
	0.0006	2.46e+09	4.758	5.556	5.523	4.998	4.627	4.248	3.695	3.203	3.132
	0.0006	2.51e+09	4.775	5.576	5.543	5.016	4.644	4.264	3.709	3.215	3.144
	0.0006	2.57e+09	4.798	5.599	5.569	5.041	4.668	4.288	3.731	3.236	3.164
	0.0006	2.63e+09	4.826	5.621	5.593	5.068	4.696	4.317	3.761	3.267	3.194
	0.0006	2.69e+09	4.839	5.634	5.607	5.081	4.709	4.329	3.772	3.276	3.203
	0.0006	2.75e+09	4.859	5.654	5.627	5.100	4.727	4.347	3.790	3.295	3.221
	0.0006	2.82e+09	4.875	5.673	5.647	5.116	4.741	4.360	3.802	3.307	3.233
	0.0006	2.88e+09	4.899	5.703	5.675	5.140	4.764	4.381	3.820	3.323	3.249
	0.0006	2.95e+09	4.925	5.735	5.708	5.170	4.791	4.407	3.843	3.343	3.266
	0.0006	3.02e+09	4.943	5.755	5.730	5.189	4.809	4.423	3.858	3.358	3.281
	0.0006	3.09e+09	4.960	5.776	5.752	5.207	4.825	4.439	3.873	3.373	3.296
	0.0006	3.16e+09	4.980	5.799	5.776	5.228	4.844	4.456	3.890	3.389	3.313
	0.0006	3.24e+09	4.999	5.821	5.800	5.248	4.863	4.474	3.907	3.406	3.330
	0.0006	3.31e+09	5.020	5.847	5.825	5.269	4.881	4.491	3.923	3.422	3.346
	0.0006	3.39e+09	5.048	5.873	5.853	5.297	4.909	4.519	3.952	3.451	3.376
	0.0006	3.47e+09	5.065	5.894	5.875	5.315	4.925	4.533	3.965	3.464	3.388
	0.0006	3.55e+09	5.084	5.916	5.898	5.334	4.943	4.550	3.981	3.479	3.404
	0.0006	3.63e+09	5.101	5.938	5.920	5.353	4.960	4.565	3.995	3.493	3.418
	0.0006	3.72e+09	5.123	5.964	5.946	5.375	4.980	4.584	4.013	3.510	3.435
	0.0006	3.80e+09	5.141	5.985	5.970	5.397	5.001	4.604	4.031	3.527	3.452
	0.0006	3.89e+09	5.160	6.007	5.993	5.417	5.019	4.621	4.048	3.543	3.469
	0.0006	3.98e+09	5.179	6.029	6.015	5.436	5.037	4.638	4.063	3.559	3.484
	0.0006	4.07e+09	5.197	6.051	6.038	5.456	5.055	4.655	4.079	3.575	3.501
	0.0006	4.17e+09	5.220	6.073	6.062	5.478	5.076	4.675	4.101	3.599	3.525
	0.0006	4.27e+09	5.238	6.095	6.084	5.497	5.093	4.691	4.117	3.613	3.540
	0.0006	4.37e+09	5.258	6.118	6.108	5.518	5.112	4.710	4.134	3.630	3.557
	0.0006	4.47e+09	5.280	6.141	6.132	5.540	5.133	4.730	4.154	3.651	3.579
	0.0006	4.57e+09	5.307	6.168	6.162	5.568	5.161	4.757	4.181	3.678	3.605
	0.0006	4.68e+09	5.329	6.190	6.185	5.589	5.181	4.777	4.202	3.700	3.628
	0.0006	4.79e+09	5.346	6.211	6.206	5.607	5.197	4.791	4.215	3.712	3.641
	0.0006	4.90e+09	5.368	6.236	6.232	5.630	5.219	4.813	4.236	3.733	3.661
	0.0006	5.01e+09	5.398	6.263	6.258	5.653	5.241	4.835	4.263	3.764	3.695
	0.0006	5.13e+09	5.415	6.284	6.279	5.672	5.258	4.850	4.277	3.777	3.709
	0.0006	5.25e+09	5.431	6.305	6.300	5.689	5.273	4.864	4.289	3.788	3.719
	0.0006	5.37e+09	5.449	6.327	6.322	5.708	5.290	4.880	4.305	3.804	3.735
	0.0006	5.50e+09	5.466	6.350	6.344	5.726	5.306	4.895	4.317	3.814	3.745
	0.0006	5.62e+09	5.485	6.373	6.367	5.746	5.324	4.912	4.333	3.830	3.761
	0.0006	5.76e+09	5.504	6.397	6.390	5.766	5.343	4.930	4.349	3.846	3.777
	0.0006	5.89e+09	5.522	6.422	6.414	5.786	5.361	4.946	4.364	3.859	3.790
	0.0006	6.03e+09	5.541	6.447	6.438	5.807	5.380	4.963	4.380	3.874	3.804
	0.0006	6.17e+09	5.560	6.472	6.463	5.827	5.399	4.981	4.396	3.889	3.819
	0.0006	6.31e+09	5.582	6.500	6.491	5.852	5.422	5.002	4.414	3.905	3.835
	0.0006	6.46e+09	5.628	6.536	6.532	5.897	5.468	5.049	4.463	3.955	3.885
	0.0006	6.61e+09	5.654	6.559	6.556	5.920	5.492	5.074	4.490	3.985	3.915
	0.0006	6.76e+09	5.668	6.542	6.557	5.940	5.522	5.114	4.550	4.065	4.000
	0.0006	6.92e+09	5.687	6.560	6.575	5.956	5.537	5.129	4.564	4.079	4.014
	0.0006	7.08e+09	5.705	6.578	6.592	5.972	5.552	5.142	4.577	4.091	4.027
	0.0006	7.25e+09	5.723	6.596	6.610	5.988	5.567	5.157	4.591	4.105	4.040
	0.0006	7.41e+09	5.742	6.616	6.628	6.004	5.582	5.172	4.605	4.118	4.054
	0.0006	7.59e+09	5.760	6.635	6.646	6.020	5.597	5.185	4.617	4.131	4.066
	0.0006	7.76e+09	5.780	6.657	6.665	6.037	5.613	5.201	4.632	4.145	4.080
	0.0006	7.94e+09	5.797	6.678	6.683	6.053	5.627	5.214	4.644	4.157	4.092
	0.0006	8.13e+09	5.816	6.702	6.703	6.070	5.643	5.229	4.658	4.170	4.104
	0.0006	8.32e+09	5.836	6.728	6.725	6.088	5.660	5.244	4.673	4.184	4.118
	0.0006	8.51e+09	5.856	6.756	6.750	6.108	5.678	5.261	4.688	4.198	4.132
	0.0006	8.71e+09	5.877	6.785	6.777	6.130	5.697	5.279	4.704	4.214	4.149
	0.0006	8.91e+09	5.896	6.814	6.805	6.152	5.716	5.296	4.719	4.228	4.162
	0.0006	9.12e+09	5.916	6.840	6.832	6.173	5.735	5.314	4.735	4.243	4.176
	0.0006	9.33e+09	5.935	6.866	6.857	6.194	5.755	5.331	4.751	4.257	4.190
	0.0006	9.55e+09	5.970	6.902	6.894	6.231	5.791	5.367	4.786	4.291	4.225
	0.0006	9.77e+09	5.986	6.920	6.912	6.247	5.806	5.382	4.800	4.305	4.238
	0.0006	1.00e+10	6.001	6.938	6.929	6.263	5.822	5.397	4.814	4.319	4.252
	0.0006	1.02e+10	6.019	6.957	6.948	6.281	5.839	5.414	4.831	4.336	4.268
	0.0006	1.05e+10	6.032	6.974	6.964	6.295	5.852	5.426	4.842	4.346	4.279
	0.0006	1.07e+10	6.048	6.992	6.981	6.311	5.868	5.441	4.856	4.360	4.292
	0.0006	1.10e+10	6.064	7.008	6.997	6.328	5.884	5.458	4.873	4.377	4.310
	0.0006	1.12e+10	6.079	7.026	7.013	6.343	5.899	5.472	4.887	4.390	4.322
	0.0006	1.15e+10	6.098	7.044	7.031	6.362	5.918	5.491	4.906	4.410	4.342
	0.0006	1.18e+10	6.109	7.061	7.046	6.375	5.929	5.501	4.914	4.416	4.348
	0.0006	1.20e+10	6.125	7.079	7.063	6.391	5.945	5.517	4.929	4.431	4.363
	0.0006	1.23e+10	6.138	7.096	7.080	6.406	5.959	5.530	4.942	4.442	4.374
	0.0006	1.26e+10	6.150	7.114	7.096	6.420	5.972	5.542	4.951	4.451	4.382
	0.0006	1.29e+10	6.164	7.132	7.114	6.436	5.986	5.555	4.963	4.462	4.393
	0.0006	1.32e+10	6.181	7.151	7.133	6.453	6.003	5.572	4.980	4.478	4.409
