# File generated by CMD 2.7 (http://stev.oapd.inaf.it/cmd) on Mon Jun 15 15:17:20 CEST 2015
# Basic reference: Marigo et al. (2008, A&A 482, 883) 
# but applying the corrections from Case A in Girardi et al. (2010, ApJ 724, 1030) 
# + Bertelli et al. (1994, A&AS, 106, 275) for the Mi>7.0 Msun interval
# Photometric system: <i>UBVRIJHK</i> (cf. Maiz-Apellaniz 2006 + Bessell 1990)
# Using OBC version of bolometric corrections as detailed in Marigo et al. (2008, A&A 482, 883) and Girardi et al. (2008, PASP 120, 583)
# BCs of Carbon stars derive from Loidl et al. (2001, A&A 342, 531)
# O-rich circumstellar dust ignored
# C-rich circumstellar dust ignored
# IMF: Kroupa (2001, 2002) + Kroupa et al. (2013) canonical two-part-power law IMF corrected for unresolved binaries 
# Kind of output: SSP integrated magnitudes
#	Z	Age		mbol    U       B       V       R       I       J       H       K
	0.0270	3.98e+06	-2.306	-1.107	-0.188	0.008	0.085	0.193	0.452	0.519	0.583
	0.0270	4.07e+06	-2.270	-1.078	-0.171	0.019	0.093	0.198	0.449	0.512	0.574
	0.0270	4.17e+06	-2.255	-1.044	-0.149	0.038	0.109	0.210	0.454	0.513	0.573
	0.0270	4.27e+06	-2.219	-1.005	-0.122	0.061	0.130	0.227	0.462	0.519	0.576
	0.0270	4.37e+06	-2.182	-0.956	-0.082	0.098	0.164	0.259	0.486	0.539	0.594
	0.0270	4.47e+06	-2.142	-0.907	-0.049	0.126	0.189	0.278	0.494	0.542	0.594
	0.0270	4.57e+06	-2.102	-0.835	0.042	0.218	0.281	0.370	0.582	0.623	0.673
	0.0270	4.68e+06	-2.065	-0.796	0.096	0.276	0.342	0.434	0.653	0.695	0.746
	0.0270	4.79e+06	-2.035	-0.754	0.151	0.333	0.399	0.492	0.708	0.743	0.793
	0.0270	4.90e+06	-2.004	-0.714	0.203	0.386	0.452	0.543	0.751	0.776	0.823
	0.0270	5.01e+06	-1.969	-0.681	0.249	0.430	0.494	0.582	0.778	0.789	0.832
	0.0270	5.13e+06	-1.931	-0.660	0.278	0.458	0.518	0.602	0.780	0.773	0.811
	0.0270	5.25e+06	-1.896	-0.654	0.280	0.455	0.511	0.586	0.740	0.711	0.741
	0.0270	5.37e+06	-1.862	-0.669	0.241	0.402	0.447	0.508	0.625	0.570	0.590
	0.0270	5.50e+06	-1.826	-0.685	0.161	0.292	0.314	0.345	0.395	0.305	0.310
	0.0270	5.62e+06	-1.788	-0.658	0.148	0.204	0.170	0.133	0.040	-0.132	-0.155
	0.0270	5.75e+06	-1.746	-0.633	0.218	0.238	0.155	0.061	-0.173	-0.463	-0.512
	0.0270	5.89e+06	-1.700	-0.675	0.134	0.172	0.107	0.031	-0.172	-0.448	-0.495
	0.0270	6.03e+06	-1.647	-0.681	0.059	0.088	0.021	-0.054	-0.248	-0.513	-0.559
	0.0270	6.17e+06	-1.591	-0.618	0.102	0.124	0.052	-0.030	-0.236	-0.510	-0.559
	0.0270	6.31e+06	-1.557	-0.599	0.096	0.114	0.040	-0.045	-0.255	-0.531	-0.581
	0.0270	6.46e+06	-1.525	-0.574	0.089	0.101	0.025	-0.063	-0.278	-0.555	-0.607
	0.0270	6.61e+06	-1.491	-0.542	0.082	0.088	0.010	-0.082	-0.306	-0.584	-0.637
	0.0270	6.76e+06	-1.457	-0.506	0.089	0.080	-0.004	-0.105	-0.338	-0.619	-0.674
	0.0270	6.92e+06	-1.422	-0.461	0.103	0.076	-0.018	-0.128	-0.375	-0.659	-0.716
	0.0270	7.08e+06	-1.385	-0.404	0.130	0.078	-0.027	-0.149	-0.415	-0.705	-0.765
	0.0270	7.24e+06	-1.347	-0.333	0.180	0.096	-0.027	-0.167	-0.460	-0.758	-0.822
	0.0270	7.41e+06	-1.310	-0.252	0.258	0.131	-0.020	-0.185	-0.512	-0.823	-0.891
	0.0270	7.59e+06	-1.271	-0.163	0.369	0.180	-0.009	-0.205	-0.572	-0.902	-0.973
	0.0270	7.76e+06	-1.231	-0.072	0.495	0.242	0.011	-0.221	-0.633	-0.991	-1.067
	0.0270	7.94e+06	-1.191	0.016	0.624	0.318	0.044	-0.224	-0.692	-1.086	-1.166
	0.0270	8.13e+06	-1.150	0.096	0.749	0.409	0.095	-0.210	-0.743	-1.184	-1.268
	0.0270	8.32e+06	-1.109	0.168	0.866	0.512	0.166	-0.173	-0.786	-1.281	-1.373
	0.0270	8.51e+06	-1.067	0.230	0.973	0.631	0.260	-0.116	-0.820	-1.376	-1.483
	0.0270	8.71e+06	-1.022	0.269	1.063	0.780	0.407	-0.001	-0.781	-1.397	-1.522
	0.0270	8.91e+06	-0.977	0.297	1.127	0.917	0.559	0.128	-0.705	-1.374	-1.515
	0.0270	9.12e+06	-0.932	0.321	1.161	0.998	0.667	0.241	-0.598	-1.287	-1.432
	0.0270	9.33e+06	-0.897	0.343	1.175	1.011	0.688	0.276	-0.543	-1.221	-1.362
	0.0270	9.55e+06	-0.868	0.364	1.184	1.014	0.695	0.290	-0.515	-1.186	-1.326
	0.0270	9.77e+06	-0.838	0.385	1.194	1.020	0.705	0.306	-0.487	-1.152	-1.291
	0.0270	1.00e+07	-0.807	0.406	1.202	1.027	0.718	0.324	-0.458	-1.120	-1.258
	0.0270	1.02e+07	-0.775	0.427	1.210	1.036	0.733	0.345	-0.429	-1.088	-1.227
	0.0270	1.05e+07	-0.743	0.447	1.217	1.046	0.750	0.368	-0.399	-1.057	-1.196
	0.0270	1.07e+07	-0.710	0.466	1.223	1.058	0.770	0.393	-0.369	-1.027	-1.167
	0.0270	1.10e+07	-0.677	0.484	1.228	1.071	0.791	0.419	-0.339	-0.999	-1.139
	0.0270	1.12e+07	-0.644	0.503	1.233	1.086	0.815	0.448	-0.309	-0.971	-1.113
	0.0270	1.15e+07	-0.610	0.522	1.239	1.103	0.841	0.477	-0.280	-0.946	-1.087
	0.0270	1.17e+07	-0.575	0.542	1.246	1.123	0.868	0.508	-0.251	-0.921	-1.064
	0.0270	1.20e+07	-0.541	0.562	1.255	1.144	0.897	0.539	-0.223	-0.897	-1.041
	0.0270	1.23e+07	-0.505	0.585	1.270	1.169	0.928	0.571	-0.195	-0.875	-1.019
	0.0270	1.26e+07	-0.467	0.607	1.286	1.197	0.965	0.615	-0.147	-0.828	-0.972
	0.0270	1.29e+07	-0.428	0.621	1.303	1.234	1.020	0.686	-0.061	-0.739	-0.882
	0.0270	1.32e+07	-0.386	0.665	1.365	1.300	1.084	0.748	-0.004	-0.684	-0.828
	0.0270	1.35e+07	-0.349	0.694	1.393	1.329	1.117	0.789	0.048	-0.625	-0.767
	0.0270	1.38e+07	-0.320	0.722	1.420	1.351	1.135	0.802	0.057	-0.618	-0.759
	0.0270	1.41e+07	-0.290	0.750	1.448	1.373	1.154	0.817	0.067	-0.609	-0.750
	0.0270	1.45e+07	-0.260	0.778	1.476	1.397	1.173	0.833	0.078	-0.601	-0.741
	0.0270	1.48e+07	-0.230	0.807	1.505	1.422	1.195	0.850	0.089	-0.591	-0.732
	0.0270	1.51e+07	-0.199	0.836	1.535	1.448	1.217	0.868	0.102	-0.581	-0.722
	0.0270	1.55e+07	-0.168	0.865	1.564	1.475	1.241	0.887	0.116	-0.570	-0.712
	0.0270	1.58e+07	-0.136	0.893	1.595	1.503	1.266	0.908	0.130	-0.560	-0.702
	0.0270	1.62e+07	-0.104	0.923	1.626	1.533	1.292	0.929	0.146	-0.548	-0.691
	0.0270	1.66e+07	-0.070	0.954	1.658	1.564	1.320	0.952	0.162	-0.536	-0.679
	0.0270	1.70e+07	-0.036	0.985	1.690	1.596	1.349	0.976	0.179	-0.524	-0.668
	0.0270	1.74e+07	-0.001	1.017	1.723	1.630	1.380	1.002	0.196	-0.511	-0.656
	0.0270	1.78e+07	0.034	1.049	1.758	1.666	1.412	1.029	0.214	-0.498	-0.644
	0.0270	1.82e+07	0.073	1.074	1.787	1.707	1.462	1.088	0.285	-0.424	-0.569
	0.0270	1.86e+07	0.112	1.101	1.821	1.757	1.521	1.151	0.348	-0.365	-0.510
	0.0270	1.91e+07	0.148	1.121	1.837	1.777	1.550	1.194	0.410	-0.293	-0.437
	0.0270	1.95e+07	0.175	1.140	1.850	1.789	1.563	1.210	0.432	-0.269	-0.412
	0.0270	2.00e+07	0.203	1.159	1.864	1.802	1.577	1.226	0.453	-0.245	-0.387
	0.0270	2.04e+07	0.231	1.179	1.878	1.814	1.590	1.243	0.475	-0.221	-0.362
	0.0270	2.09e+07	0.259	1.198	1.892	1.827	1.604	1.259	0.496	-0.197	-0.337
	0.0270	2.14e+07	0.288	1.219	1.906	1.841	1.618	1.276	0.518	-0.173	-0.313
	0.0270	2.19e+07	0.317	1.239	1.920	1.854	1.633	1.292	0.539	-0.149	-0.288
	0.0270	2.24e+07	0.346	1.259	1.935	1.867	1.647	1.309	0.560	-0.125	-0.264
	0.0270	2.29e+07	0.375	1.280	1.949	1.881	1.661	1.325	0.582	-0.101	-0.239
	0.0270	2.34e+07	0.404	1.300	1.963	1.894	1.676	1.342	0.603	-0.077	-0.215
	0.0270	2.40e+07	0.433	1.321	1.978	1.908	1.690	1.359	0.624	-0.054	-0.191
	0.0270	2.45e+07	0.463	1.342	1.993	1.922	1.705	1.376	0.646	-0.030	-0.167
	0.0270	2.51e+07	0.493	1.363	2.008	1.936	1.720	1.393	0.667	-0.007	-0.143
	0.0270	2.57e+07	0.523	1.385	2.023	1.951	1.735	1.410	0.688	0.017	-0.118
	0.0270	2.63e+07	0.553	1.406	2.038	1.965	1.750	1.427	0.710	0.040	-0.094
	0.0270	2.69e+07	0.583	1.427	2.054	1.979	1.766	1.444	0.731	0.064	-0.070
	0.0270	2.75e+07	0.614	1.449	2.069	1.994	1.781	1.462	0.752	0.087	-0.046
	0.0270	2.82e+07	0.645	1.471	2.085	2.009	1.797	1.479	0.773	0.110	-0.023
	0.0270	2.88e+07	0.675	1.494	2.101	2.024	1.812	1.496	0.794	0.134	0.001
	0.0270	2.95e+07	0.707	1.517	2.117	2.039	1.828	1.514	0.815	0.157	0.025
	0.0270	3.02e+07	0.740	1.539	2.134	2.056	1.848	1.540	0.851	0.197	0.066
	0.0270	3.09e+07	0.774	1.559	2.149	2.075	1.873	1.571	0.893	0.245	0.115
	0.0270	3.16e+07	0.809	1.583	2.170	2.099	1.901	1.605	0.936	0.292	0.163
	0.0270	3.24e+07	0.840	1.603	2.184	2.111	1.914	1.623	0.968	0.332	0.205
	0.0270	3.31e+07	0.869	1.625	2.198	2.121	1.923	1.635	0.986	0.356	0.230
	0.0270	3.39e+07	0.898	1.646	2.213	2.132	1.933	1.647	1.005	0.380	0.255
	0.0270	3.47e+07	0.928	1.669	2.229	2.144	1.945	1.660	1.024	0.403	0.280
	0.0270	3.55e+07	0.958	1.691	2.246	2.157	1.957	1.673	1.043	0.426	0.304
	0.0270	3.63e+07	0.987	1.714	2.263	2.170	1.970	1.687	1.062	0.449	0.328
	0.0270	3.72e+07	1.018	1.738	2.281	2.185	1.983	1.702	1.081	0.472	0.352
	0.0270	3.80e+07	1.048	1.762	2.299	2.200	1.998	1.717	1.100	0.495	0.376
	0.0270	3.89e+07	1.079	1.786	2.318	2.216	2.013	1.733	1.120	0.518	0.400
	0.0270	3.98e+07	1.110	1.810	2.337	2.233	2.029	1.749	1.139	0.540	0.424
	0.0270	4.07e+07	1.140	1.835	2.357	2.251	2.045	1.766	1.159	0.563	0.447
	0.0270	4.17e+07	1.172	1.860	2.377	2.269	2.063	1.784	1.179	0.585	0.471
	0.0270	4.27e+07	1.204	1.886	2.398	2.288	2.081	1.803	1.200	0.608	0.495
	0.0270	4.37e+07	1.236	1.912	2.420	2.309	2.101	1.823	1.221	0.631	0.518
	0.0270	4.47e+07	1.269	1.939	2.442	2.329	2.121	1.844	1.243	0.653	0.542
	0.0270	4.57e+07	1.302	1.966	2.465	2.351	2.142	1.865	1.264	0.676	0.565
	0.0270	4.68e+07	1.336	1.995	2.488	2.374	2.165	1.887	1.287	0.699	0.589
	0.0270	4.79e+07	1.370	2.024	2.513	2.398	2.188	1.911	1.310	0.723	0.613
	0.0270	4.90e+07	1.408	2.050	2.536	2.425	2.219	1.947	1.355	0.775	0.667
	0.0270	5.01e+07	1.443	2.073	2.557	2.453	2.253	1.987	1.403	0.825	0.718
	0.0270	5.13e+07	1.479	2.095	2.580	2.485	2.291	2.031	1.451	0.872	0.764
	0.0270	5.25e+07	1.514	2.116	2.598	2.509	2.321	2.069	1.503	0.932	0.827
	0.0270	5.37e+07	1.543	2.137	2.613	2.524	2.338	2.088	1.527	0.960	0.855
	0.0270	5.50e+07	1.570	2.158	2.629	2.539	2.353	2.104	1.545	0.980	0.875
	0.0270	5.62e+07	1.598	2.180	2.645	2.554	2.369	2.120	1.563	0.999	0.895
	0.0270	5.75e+07	1.626	2.202	2.661	2.570	2.384	2.136	1.580	1.017	0.914
	0.0270	5.89e+07	1.653	2.224	2.678	2.585	2.400	2.152	1.598	1.036	0.933
	0.0270	6.03e+07	1.681	2.246	2.694	2.600	2.415	2.168	1.615	1.054	0.952
	0.0270	6.17e+07	1.709	2.269	2.711	2.616	2.431	2.185	1.633	1.073	0.971
	0.0270	6.31e+07	1.738	2.291	2.728	2.632	2.447	2.201	1.650	1.092	0.990
	0.0270	6.46e+07	1.766	2.315	2.745	2.648	2.462	2.218	1.668	1.111	1.010
	0.0270	6.61e+07	1.794	2.338	2.762	2.664	2.478	2.234	1.685	1.130	1.028
	0.0270	6.76e+07	1.822	2.360	2.778	2.679	2.494	2.250	1.703	1.148	1.047
	0.0270	6.92e+07	1.851	2.382	2.795	2.696	2.513	2.272	1.730	1.180	1.080
	0.0270	7.08e+07	1.880	2.403	2.811	2.714	2.533	2.295	1.754	1.204	1.104
	0.0270	7.24e+07	1.909	2.426	2.830	2.736	2.557	2.319	1.779	1.228	1.127
	0.0270	7.41e+07	1.938	2.448	2.847	2.754	2.577	2.342	1.805	1.255	1.155
	0.0270	7.59e+07	1.967	2.469	2.862	2.769	2.593	2.361	1.831	1.286	1.187
	0.0270	7.76e+07	1.993	2.491	2.878	2.783	2.608	2.376	1.847	1.305	1.206
	0.0270	7.94e+07	2.020	2.514	2.894	2.798	2.622	2.391	1.864	1.324	1.226
	0.0270	8.13e+07	2.047	2.536	2.910	2.813	2.637	2.407	1.881	1.342	1.245
	0.0270	8.32e+07	2.075	2.559	2.927	2.828	2.652	2.422	1.899	1.361	1.264
	0.0270	8.51e+07	2.102	2.582	2.943	2.843	2.667	2.438	1.916	1.380	1.283
	0.0270	8.71e+07	2.128	2.605	2.959	2.858	2.682	2.453	1.933	1.399	1.303
	0.0270	8.91e+07	2.155	2.628	2.976	2.873	2.697	2.469	1.950	1.417	1.322
	0.0270	9.12e+07	2.183	2.651	2.992	2.889	2.713	2.485	1.967	1.436	1.341
	0.0270	9.33e+07	2.210	2.675	3.009	2.904	2.728	2.501	1.985	1.456	1.361
	0.0270	9.55e+07	2.237	2.698	3.026	2.920	2.744	2.517	2.003	1.475	1.380
	0.0270	9.77e+07	2.264	2.722	3.043	2.935	2.759	2.533	2.020	1.493	1.399
	0.0270	1.00e+08	2.291	2.745	3.060	2.951	2.775	2.549	2.037	1.512	1.418
	0.0270	1.02e+08	2.318	2.769	3.077	2.967	2.791	2.566	2.055	1.531	1.437
	0.0270	1.05e+08	2.346	2.793	3.094	2.983	2.808	2.584	2.076	1.555	1.462
	0.0270	1.07e+08	2.373	2.816	3.111	3.000	2.825	2.603	2.097	1.577	1.485
	0.0270	1.10e+08	2.402	2.840	3.129	3.018	2.845	2.623	2.118	1.600	1.507
	0.0270	1.12e+08	2.430	2.864	3.146	3.035	2.863	2.642	2.139	1.622	1.529
	0.0270	1.15e+08	2.458	2.888	3.163	3.053	2.881	2.662	2.161	1.645	1.553
	0.0270	1.17e+08	2.440	2.911	3.179	3.067	2.893	2.661	1.999	1.391	1.260
	0.0270	1.20e+08	2.465	2.935	3.196	3.082	2.908	2.676	2.009	1.399	1.267
	0.0270	1.23e+08	2.489	2.960	3.213	3.098	2.924	2.692	2.019	1.406	1.273
	0.0270	1.26e+08	2.513	2.984	3.231	3.114	2.940	2.707	2.027	1.411	1.276
	0.0270	1.29e+08	2.537	3.010	3.248	3.130	2.956	2.723	2.036	1.418	1.282
	0.0270	1.32e+08	2.562	3.035	3.267	3.147	2.972	2.739	2.046	1.426	1.289
	0.0270	1.35e+08	2.586	3.061	3.284	3.163	2.989	2.755	2.056	1.432	1.294
	0.0270	1.38e+08	2.610	3.085	3.302	3.179	3.005	2.772	2.067	1.441	1.302
	0.0270	1.41e+08	2.634	3.110	3.319	3.196	3.023	2.789	2.078	1.449	1.308
	0.0270	1.45e+08	2.658	3.135	3.337	3.214	3.040	2.807	2.089	1.458	1.315
	0.0270	1.48e+08	2.682	3.160	3.355	3.231	3.058	2.824	2.100	1.466	1.322
	0.0270	1.51e+08	2.706	3.186	3.374	3.248	3.075	2.842	2.110	1.473	1.327
	0.0270	1.55e+08	2.734	3.211	3.391	3.265	3.092	2.860	2.134	1.500	1.355
	0.0270	1.59e+08	2.757	3.237	3.409	3.280	3.107	2.875	2.142	1.506	1.360
	0.0270	1.62e+08	2.780	3.262	3.427	3.296	3.123	2.890	2.153	1.515	1.369
	0.0270	1.66e+08	2.803	3.289	3.445	3.312	3.138	2.904	2.162	1.522	1.375
	0.0270	1.70e+08	2.827	3.315	3.463	3.328	3.154	2.919	2.173	1.532	1.384
	0.0270	1.74e+08	2.849	3.341	3.482	3.344	3.169	2.934	2.179	1.535	1.386
	0.0270	1.78e+08	2.871	3.367	3.500	3.361	3.185	2.949	2.186	1.538	1.388
	0.0270	1.82e+08	2.894	3.393	3.519	3.377	3.202	2.965	2.194	1.544	1.392
	0.0270	1.86e+08	2.917	3.420	3.538	3.394	3.218	2.981	2.205	1.552	1.399
	0.0270	1.91e+08	2.939	3.446	3.557	3.411	3.234	2.997	2.214	1.559	1.405
	0.0270	1.95e+08	2.963	3.473	3.576	3.428	3.251	3.012	2.224	1.567	1.412
	0.0270	2.00e+08	2.985	3.501	3.596	3.445	3.267	3.028	2.232	1.572	1.417
	0.0270	2.04e+08	3.008	3.528	3.615	3.462	3.284	3.043	2.242	1.580	1.423
	0.0270	2.09e+08	3.030	3.555	3.635	3.479	3.299	3.057	2.250	1.585	1.428
	0.0270	2.14e+08	3.054	3.582	3.654	3.495	3.314	3.072	2.267	1.603	1.447
	0.0270	2.19e+08	3.068	3.609	3.673	3.511	3.328	3.083	2.255	1.582	1.423
	0.0270	2.24e+08	3.082	3.636	3.693	3.527	3.343	3.094	2.244	1.561	1.399
	0.0270	2.29e+08	3.097	3.664	3.713	3.543	3.357	3.105	2.234	1.543	1.379
	0.0270	2.34e+08	3.111	3.691	3.733	3.560	3.372	3.117	2.224	1.525	1.358
	0.0270	2.40e+08	3.124	3.720	3.754	3.577	3.388	3.128	2.214	1.506	1.336
	0.0270	2.45e+08	3.138	3.748	3.775	3.595	3.403	3.140	2.205	1.489	1.317
	0.0270	2.51e+08	3.152	3.776	3.796	3.613	3.419	3.153	2.195	1.472	1.298
	0.0270	2.57e+08	3.165	3.804	3.816	3.629	3.432	3.161	2.196	1.466	1.287
	0.0270	2.63e+08	3.178	3.832	3.837	3.645	3.445	3.167	2.196	1.459	1.275
	0.0270	2.69e+08	3.190	3.860	3.858	3.661	3.457	3.173	2.199	1.455	1.266
	0.0270	2.75e+08	3.203	3.888	3.879	3.676	3.468	3.178	2.204	1.452	1.258
	0.0270	2.82e+08	3.214	3.916	3.900	3.692	3.480	3.183	2.204	1.447	1.248
	0.0270	2.88e+08	3.225	3.945	3.922	3.708	3.491	3.188	2.206	1.442	1.239
	0.0270	2.95e+08	3.236	3.974	3.944	3.726	3.506	3.198	2.198	1.427	1.222
	0.0270	3.02e+08	3.247	4.003	3.966	3.742	3.520	3.207	2.191	1.414	1.206
	0.0270	3.09e+08	3.275	4.032	3.990	3.764	3.545	3.238	2.196	1.422	1.222
	0.0270	3.16e+08	3.297	4.061	4.012	3.782	3.560	3.252	2.211	1.438	1.238
	0.0270	3.24e+08	3.318	4.090	4.035	3.799	3.575	3.265	2.223	1.450	1.251
	0.0270	3.31e+08	3.339	4.120	4.058	3.817	3.590	3.278	2.237	1.464	1.265
	0.0270	3.39e+08	3.361	4.150	4.081	3.835	3.606	3.292	2.251	1.480	1.281
	0.0270	3.47e+08	3.382	4.180	4.106	3.854	3.622	3.306	2.265	1.494	1.295
	0.0270	3.55e+08	3.404	4.211	4.131	3.873	3.638	3.320	2.280	1.509	1.310
	0.0270	3.63e+08	3.426	4.243	4.156	3.892	3.655	3.334	2.295	1.525	1.326
	0.0270	3.72e+08	3.448	4.274	4.182	3.912	3.672	3.349	2.309	1.540	1.341
	0.0270	3.80e+08	3.469	4.304	4.207	3.931	3.688	3.363	2.323	1.554	1.356
	0.0270	3.89e+08	3.491	4.334	4.231	3.949	3.704	3.377	2.339	1.570	1.372
	0.0270	3.98e+08	3.511	4.365	4.256	3.968	3.720	3.391	2.352	1.583	1.386
	0.0270	4.07e+08	3.532	4.395	4.282	3.987	3.736	3.405	2.366	1.599	1.401
	0.0270	4.17e+08	3.552	4.426	4.308	4.006	3.752	3.418	2.379	1.612	1.415
	0.0270	4.27e+08	3.572	4.457	4.334	4.026	3.768	3.431	2.392	1.626	1.428
	0.0270	4.37e+08	3.593	4.489	4.362	4.046	3.785	3.445	2.407	1.641	1.445
	0.0270	4.47e+08	3.613	4.521	4.390	4.066	3.801	3.458	2.419	1.654	1.457
	0.0270	4.57e+08	3.633	4.552	4.418	4.086	3.817	3.471	2.433	1.669	1.473
	0.0270	4.68e+08	3.653	4.583	4.445	4.106	3.833	3.484	2.446	1.681	1.486
	0.0270	4.79e+08	3.671	4.615	4.473	4.122	3.841	3.484	2.477	1.713	1.513
	0.0270	4.90e+08	3.687	4.646	4.500	4.139	3.852	3.492	2.483	1.721	1.523
	0.0270	5.01e+08	3.704	4.678	4.529	4.160	3.868	3.504	2.490	1.726	1.528
	0.0270	5.13e+08	3.720	4.710	4.559	4.181	3.884	3.517	2.497	1.731	1.533
	0.0270	5.25e+08	3.736	4.742	4.589	4.202	3.901	3.529	2.503	1.737	1.537
	0.0270	5.37e+08	3.751	4.774	4.619	4.224	3.918	3.542	2.510	1.742	1.542
	0.0270	5.50e+08	3.767	4.806	4.650	4.245	3.934	3.554	2.516	1.746	1.546
	0.0270	5.62e+08	3.783	4.838	4.681	4.267	3.952	3.568	2.524	1.753	1.552
	0.0270	5.76e+08	3.799	4.870	4.712	4.289	3.968	3.580	2.532	1.759	1.558
	0.0270	5.89e+08	3.815	4.902	4.743	4.311	3.986	3.593	2.539	1.765	1.563
	0.0270	6.03e+08	3.832	4.934	4.773	4.333	4.003	3.607	2.547	1.773	1.570
	0.0270	6.17e+08	3.847	4.965	4.804	4.355	4.020	3.620	2.555	1.779	1.576
	0.0270	6.31e+08	3.863	4.996	4.835	4.377	4.038	3.634	2.563	1.786	1.582
	0.0270	6.46e+08	3.879	5.027	4.865	4.399	4.055	3.647	2.572	1.793	1.590
	0.0270	6.61e+08	3.895	5.059	4.896	4.421	4.072	3.660	2.580	1.801	1.596
	0.0270	6.76e+08	3.910	5.090	4.927	4.443	4.090	3.673	2.588	1.807	1.603
	0.0270	6.92e+08	3.924	5.121	4.957	4.465	4.106	3.685	2.595	1.814	1.609
	0.0270	7.08e+08	3.940	5.152	4.988	4.486	4.123	3.698	2.604	1.821	1.616
	0.0270	7.25e+08	3.956	5.184	5.019	4.511	4.145	3.719	2.599	1.818	1.615
	0.0270	7.41e+08	3.970	5.216	5.050	4.532	4.162	3.732	2.608	1.826	1.622
	0.0270	7.59e+08	3.986	5.248	5.081	4.554	4.178	3.744	2.616	1.834	1.630
	0.0270	7.76e+08	3.999	5.280	5.111	4.575	4.194	3.756	2.623	1.839	1.635
	0.0270	7.94e+08	4.013	5.312	5.141	4.597	4.210	3.767	2.630	1.846	1.641
	0.0270	8.13e+08	4.019	5.343	5.170	4.616	4.224	3.776	2.623	1.837	1.632
	0.0270	8.32e+08	4.034	5.375	5.201	4.639	4.243	3.790	2.634	1.846	1.641
	0.0270	8.51e+08	4.051	5.408	5.232	4.661	4.260	3.803	2.646	1.856	1.652
	0.0270	8.71e+08	4.065	5.441	5.263	4.684	4.277	3.816	2.655	1.863	1.659
	0.0270	8.91e+08	4.081	5.473	5.294	4.707	4.298	3.835	2.660	1.868	1.666
	0.0270	9.12e+08	4.097	5.506	5.324	4.729	4.315	3.848	2.672	1.878	1.677
	0.0270	9.33e+08	4.112	5.538	5.355	4.751	4.332	3.861	2.682	1.886	1.686
	0.0270	9.55e+08	4.127	5.571	5.385	4.775	4.354	3.883	2.680	1.886	1.688
	0.0270	9.77e+08	4.142	5.602	5.414	4.796	4.371	3.897	2.691	1.895	1.698
	0.0270	1.00e+09	4.158	5.635	5.444	4.818	4.389	3.910	2.704	1.906	1.709
	0.0270	1.02e+09	4.173	5.667	5.473	4.839	4.406	3.924	2.716	1.916	1.720
	0.0270	1.05e+09	4.188	5.700	5.503	4.862	4.428	3.945	2.713	1.914	1.721
	0.0270	1.07e+09	4.203	5.734	5.532	4.883	4.444	3.958	2.725	1.925	1.732
	0.0270	1.10e+09	4.217	5.767	5.561	4.904	4.461	3.971	2.736	1.933	1.741
	0.0270	1.12e+09	4.231	5.799	5.589	4.924	4.477	3.983	2.746	1.942	1.751
	0.0270	1.15e+09	4.246	5.832	5.618	4.945	4.495	3.999	2.751	1.947	1.758
	0.0270	1.18e+09	4.247	5.855	5.636	4.958	4.504	4.006	2.741	1.936	1.748
	0.0270	1.20e+09	4.256	5.886	5.661	4.973	4.515	4.012	2.746	1.941	1.753
	0.0270	1.23e+09	4.264	5.917	5.685	4.987	4.522	4.017	2.751	1.946	1.758
	0.0270	1.26e+09	4.270	5.949	5.710	5.000	4.529	4.019	2.753	1.948	1.760
	0.0270	1.29e+09	4.273	5.980	5.732	5.009	4.532	4.017	2.751	1.945	1.758
	0.0270	1.32e+09	4.275	6.010	5.752	5.017	4.533	4.014	2.750	1.945	1.759
	0.0270	1.35e+09	4.274	6.039	5.771	5.023	4.532	4.007	2.744	1.939	1.753
	0.0270	1.38e+09	4.276	6.067	5.791	5.032	4.535	4.006	2.743	1.938	1.753
	0.0270	1.41e+09	4.281	6.096	5.811	5.041	4.539	4.007	2.745	1.940	1.755
	0.0270	1.45e+09	4.285	6.123	5.829	5.048	4.541	4.006	2.747	1.943	1.758
	0.0270	1.48e+09	4.284	6.151	5.844	5.051	4.537	3.999	2.742	1.939	1.755
	0.0270	1.51e+09	4.366	6.038	5.770	4.991	4.473	3.935	2.929	2.187	2.043
	0.0270	1.55e+09	3.797	4.602	4.509	4.129	3.819	3.460	2.669	2.021	1.886
	0.0270	1.59e+09	3.463	4.088	4.206	3.922	3.640	3.300	2.530	1.881	1.748
	0.0270	1.62e+09	2.622	2.748	2.954	2.894	2.784	2.644	2.297	1.891	1.806
	0.0270	1.66e+09	2.662	2.791	2.979	2.915	2.800	2.650	2.278	1.853	1.763
	0.0270	1.70e+09	3.140	3.367	3.519	3.425	3.278	3.066	2.512	1.949	1.830
	0.0270	1.74e+09	4.661	6.462	6.171	5.378	4.862	4.328	3.142	2.357	2.180
	0.0270	1.78e+09	4.685	6.498	6.203	5.405	4.887	4.350	3.165	2.379	2.202
	0.0270	1.82e+09	4.712	6.536	6.237	5.434	4.913	4.374	3.191	2.406	2.230
	0.0270	1.86e+09	4.738	6.572	6.270	5.462	4.938	4.398	3.215	2.430	2.253
	0.0270	1.91e+09	4.764	6.608	6.303	5.491	4.965	4.423	3.240	2.455	2.279
	0.0270	1.95e+09	4.799	6.645	6.339	5.526	4.999	4.455	3.275	2.491	2.314
	0.0270	2.00e+09	4.854	6.684	6.373	5.554	5.026	4.487	3.341	2.567	2.395
	0.0270	2.04e+09	4.874	6.718	6.401	5.576	5.046	4.504	3.360	2.587	2.415
	0.0270	2.09e+09	4.897	6.752	6.429	5.599	5.065	4.522	3.382	2.610	2.439
	0.0270	2.14e+09	4.919	6.785	6.457	5.622	5.086	4.542	3.403	2.632	2.461
	0.0270	2.19e+09	4.947	6.819	6.486	5.647	5.109	4.565	3.432	2.663	2.493
	0.0270	2.24e+09	4.971	6.852	6.515	5.672	5.132	4.586	3.455	2.687	2.517
	0.0270	2.29e+09	4.998	6.887	6.543	5.694	5.152	4.605	3.484	2.718	2.550
	0.0270	2.34e+09	5.020	6.924	6.575	5.721	5.177	4.627	3.505	2.737	2.570
	0.0270	2.40e+09	5.048	6.961	6.608	5.750	5.205	4.654	3.532	2.765	2.597
	0.0270	2.46e+09	5.069	6.988	6.632	5.772	5.225	4.673	3.553	2.786	2.619
	0.0270	2.51e+09	5.091	7.024	6.663	5.798	5.249	4.694	3.574	2.807	2.641
	0.0270	2.57e+09	5.112	7.060	6.693	5.824	5.272	4.716	3.593	2.824	2.658
	0.0270	2.63e+09	5.138	7.097	6.724	5.851	5.297	4.739	3.618	2.850	2.684
	0.0270	2.69e+09	5.170	7.133	6.753	5.874	5.319	4.761	3.652	2.888	2.724
	0.0270	2.75e+09	5.189	7.168	6.781	5.896	5.338	4.779	3.670	2.906	2.742
	0.0270	2.82e+09	5.207	7.204	6.808	5.918	5.357	4.795	3.686	2.921	2.757
	0.0270	2.88e+09	5.224	7.239	6.836	5.940	5.376	4.812	3.700	2.935	2.771
	0.0270	2.95e+09	5.241	7.274	6.863	5.961	5.395	4.829	3.715	2.949	2.785
	0.0270	3.02e+09	5.260	7.308	6.889	5.983	5.414	4.846	3.733	2.967	2.804
	0.0270	3.09e+09	5.279	7.343	6.917	6.005	5.434	4.865	3.750	2.984	2.821
	0.0270	3.16e+09	5.305	7.376	6.943	6.025	5.452	4.881	3.779	3.016	2.856
	0.0270	3.24e+09	5.321	7.410	6.968	6.045	5.469	4.896	3.794	3.030	2.869
	0.0270	3.31e+09	5.336	7.441	6.992	6.064	5.486	4.911	3.807	3.042	2.882
	0.0270	3.39e+09	5.355	7.471	7.016	6.084	5.504	4.928	3.824	3.060	2.900
	0.0270	3.47e+09	5.372	7.501	7.039	6.103	5.521	4.944	3.840	3.076	2.916
	0.0270	3.55e+09	5.387	7.531	7.063	6.123	5.539	4.961	3.853	3.088	2.927
	0.0270	3.63e+09	5.405	7.561	7.087	6.143	5.558	4.979	3.869	3.103	2.943
	0.0270	3.72e+09	5.438	7.594	7.117	6.172	5.588	5.010	3.903	3.138	2.978
	0.0270	3.80e+09	5.469	7.610	7.141	6.198	5.614	5.037	3.939	3.178	3.019
	0.0270	3.89e+09	5.486	7.640	7.164	6.218	5.632	5.054	3.955	3.193	3.034
	0.0270	3.98e+09	5.509	7.672	7.190	6.239	5.651	5.072	3.978	3.218	3.060
	0.0270	4.07e+09	5.523	7.699	7.212	6.259	5.669	5.089	3.990	3.228	3.069
	0.0270	4.17e+09	5.542	7.723	7.233	6.278	5.688	5.107	4.010	3.249	3.090
	0.0270	4.27e+09	5.556	7.746	7.254	6.297	5.705	5.123	4.021	3.258	3.099
	0.0270	4.37e+09	5.578	7.769	7.274	6.315	5.723	5.141	4.045	3.284	3.126
	0.0270	4.47e+09	5.595	7.791	7.294	6.334	5.742	5.159	4.061	3.300	3.142
	0.0270	4.57e+09	5.610	7.809	7.312	6.352	5.759	5.175	4.075	3.313	3.154
	0.0270	4.68e+09	5.636	7.819	7.328	6.372	5.781	5.198	4.104	3.343	3.186
	0.0270	4.79e+09	5.675	7.871	7.364	6.404	5.812	5.230	4.142	3.384	3.227
	0.0270	4.90e+09	5.691	7.897	7.386	6.423	5.829	5.246	4.157	3.398	3.241
	0.0270	5.01e+09	5.709	7.924	7.409	6.443	5.849	5.265	4.173	3.414	3.257
	0.0270	5.13e+09	5.731	7.952	7.432	6.464	5.869	5.284	4.196	3.437	3.281
	0.0270	5.25e+09	5.745	7.980	7.456	6.485	5.888	5.301	4.207	3.447	3.290
	0.0270	5.37e+09	5.770	8.009	7.480	6.507	5.908	5.322	4.234	3.475	3.320
	0.0270	5.50e+09	5.789	8.038	7.504	6.529	5.929	5.341	4.252	3.492	3.337
	0.0270	5.62e+09	5.809	8.068	7.529	6.551	5.950	5.360	4.270	3.511	3.355
	0.0270	5.76e+09	5.829	8.097	7.554	6.574	5.971	5.381	4.289	3.529	3.373
	0.0270	5.89e+09	5.850	8.128	7.582	6.600	5.996	5.403	4.309	3.548	3.392
	0.0270	6.03e+09	5.888	8.162	7.615	6.632	6.028	5.436	4.350	3.591	3.437
	0.0270	6.17e+09	5.908	8.192	7.641	6.656	6.050	5.456	4.368	3.607	3.453
	0.0270	6.31e+09	5.942	8.225	7.672	6.687	6.082	5.488	4.403	3.644	3.490
	0.0270	6.46e+09	5.969	8.254	7.697	6.710	6.105	5.514	4.430	3.673	3.519
	0.0270	6.61e+09	5.990	8.282	7.719	6.730	6.123	5.531	4.452	3.696	3.543
	0.0270	6.76e+09	6.006	8.309	7.742	6.750	6.142	5.548	4.467	3.710	3.557
	0.0270	6.92e+09	6.020	8.337	7.764	6.769	6.160	5.564	4.478	3.719	3.566
	0.0270	7.08e+09	6.045	8.365	7.787	6.789	6.179	5.583	4.505	3.749	3.596
	0.0270	7.25e+09	6.065	8.393	7.810	6.810	6.198	5.602	4.524	3.769	3.616
	0.0270	7.41e+09	6.079	8.421	7.833	6.830	6.216	5.618	4.536	3.778	3.625
	0.0270	7.59e+09	6.100	8.449	7.856	6.850	6.236	5.637	4.558	3.802	3.649
	0.0270	7.76e+09	6.123	8.481	7.882	6.874	6.258	5.659	4.579	3.823	3.671
	0.0270	7.94e+09	6.147	8.510	7.906	6.895	6.278	5.679	4.604	3.850	3.698
	0.0270	8.13e+09	6.162	8.538	7.929	6.915	6.297	5.696	4.617	3.862	3.709
	0.0270	8.32e+09	6.179	8.566	7.951	6.935	6.315	5.712	4.634	3.878	3.726
	0.0270	8.51e+09	6.200	8.595	7.974	6.955	6.334	5.732	4.653	3.899	3.747
	0.0270	8.71e+09	6.216	8.623	7.997	6.975	6.353	5.749	4.668	3.912	3.759
	0.0270	8.91e+09	6.240	8.651	8.020	6.995	6.371	5.766	4.694	3.941	3.790
	0.0270	9.12e+09	6.259	8.679	8.042	7.015	6.390	5.784	4.713	3.961	3.810
	0.0270	9.33e+09	6.276	8.708	8.065	7.035	6.408	5.801	4.728	3.975	3.825
	0.0270	9.55e+09	6.293	8.736	8.088	7.055	6.427	5.818	4.745	3.992	3.842
	0.0270	9.77e+09	6.307	8.765	8.111	7.076	6.445	5.834	4.756	4.001	3.850
	0.0270	1.00e+10	6.334	8.795	8.135	7.098	6.466	5.856	4.784	4.032	3.882
	0.0270	1.02e+10	6.359	8.824	8.159	7.118	6.486	5.876	4.812	4.062	3.913
	0.0270	1.05e+10	6.362	8.850	8.178	7.134	6.500	5.886	4.811	4.056	3.906
	0.0270	1.07e+10	6.377	8.878	8.200	7.153	6.517	5.902	4.823	4.067	3.917
	0.0270	1.10e+10	6.398	8.906	8.222	7.172	6.535	5.919	4.845	4.091	3.942
	0.0270	1.12e+10	6.415	8.934	8.243	7.191	6.552	5.935	4.862	4.108	3.960
	0.0270	1.15e+10	6.438	8.962	8.266	7.212	6.572	5.955	4.885	4.132	3.984
	0.0270	1.18e+10	6.445	8.990	8.287	7.229	6.587	5.966	4.888	4.132	3.983
	0.0270	1.20e+10	6.467	9.017	8.309	7.248	6.605	5.984	4.912	4.159	4.011
	0.0270	1.23e+10	6.482	9.045	8.331	7.267	6.622	6.000	4.925	4.170	4.022
	0.0270	1.26e+10	6.493	9.072	8.352	7.286	6.638	6.014	4.934	4.177	4.028
	0.0270	1.29e+10	6.520	9.116	8.384	7.312	6.664	6.039	4.960	4.204	4.055
	0.0270	1.32e+10	6.527	9.143	8.405	7.330	6.679	6.051	4.963	4.204	4.054
