# File generated by CMD 2.7 (http://stev.oapd.inaf.it/cmd) on Mon Jun 15 16:03:27 CEST 2015
# Basic reference: Marigo et al. (2008, A&A 482, 883) 
# but applying the corrections from Case A in Girardi et al. (2010, ApJ 724, 1030) 
# + Bertelli et al. (1994, A&AS, 106, 275) for the Mi>7.0 Msun interval
# Photometric system: <i>UBVRIJHK</i> (cf. Maiz-Apellaniz 2006 + Bessell 1990)
# Using OBC version of bolometric corrections as detailed in Marigo et al. (2008, A&A 482, 883) and Girardi et al. (2008, PASP 120, 583)
# BCs of Carbon stars derive from Loidl et al. (2001, A&A 342, 531)
# O-rich circumstellar dust ignored
# C-rich circumstellar dust ignored
# IMF: Kroupa (2001, 2002) + Kroupa et al. (2013) canonical two-part-power law IMF corrected for unresolved binaries 
# Kind of output: SSP integrated magnitudes
#	Z	Age		mbol    U       B       V       R       I       J       H       K
	0.0004	3.98e+06	-2.539	-0.930	-0.333	-0.337	-0.413	-0.517	-0.668	-0.818	-0.839
	0.0004	4.07e+06	-2.486	-0.799	-0.138	-0.181	-0.295	-0.441	-0.657	-0.855	-0.885
	0.0004	4.17e+06	-2.428	-0.652	0.169	0.131	-0.000	-0.164	-0.424	-0.688	-0.725
	0.0004	4.27e+06	-2.395	-0.632	0.206	0.185	0.064	-0.090	-0.336	-0.597	-0.632
	0.0004	4.37e+06	-2.362	-0.612	0.242	0.238	0.129	-0.014	-0.247	-0.505	-0.539
	0.0004	4.47e+06	-2.329	-0.593	0.278	0.293	0.195	0.065	-0.152	-0.406	-0.439
	0.0004	4.57e+06	-2.294	-0.572	0.314	0.348	0.264	0.148	-0.050	-0.298	-0.329
	0.0004	4.68e+06	-2.258	-0.551	0.350	0.404	0.335	0.236	0.061	-0.180	-0.208
	0.0004	4.79e+06	-2.220	-0.529	0.385	0.460	0.408	0.328	0.181	-0.049	-0.073
	0.0004	4.90e+06	-2.181	-0.507	0.420	0.518	0.484	0.426	0.314	0.099	0.079
	0.0004	5.01e+06	-2.142	-0.484	0.454	0.576	0.562	0.530	0.461	0.268	0.254
	0.0004	5.13e+06	-2.100	-0.458	0.491	0.637	0.647	0.644	0.630	0.467	0.462
	0.0004	5.25e+06	-2.056	-0.428	0.531	0.703	0.737	0.770	0.828	0.710	0.717
	0.0004	5.37e+06	-2.008	-0.390	0.581	0.781	0.844	0.919	1.075	1.029	1.059
	0.0004	5.50e+06	-1.964	-0.342	0.647	0.873	0.963	1.081	1.345	1.393	1.454
	0.0004	5.62e+06	-1.930	-0.316	0.674	0.901	0.991	1.110	1.375	1.423	1.485
	0.0004	5.75e+06	-1.896	-0.290	0.702	0.929	1.020	1.140	1.406	1.454	1.517
	0.0004	5.89e+06	-1.861	-0.261	0.732	0.959	1.051	1.170	1.438	1.486	1.548
	0.0004	6.03e+06	-1.824	-0.231	0.762	0.990	1.082	1.202	1.470	1.519	1.581
	0.0004	6.17e+06	-1.787	-0.201	0.793	1.021	1.113	1.234	1.503	1.551	1.614
	0.0004	6.31e+06	-1.749	-0.168	0.826	1.055	1.147	1.269	1.538	1.587	1.650
	0.0004	6.46e+06	-1.708	-0.132	0.863	1.092	1.184	1.306	1.576	1.624	1.687
	0.0004	6.61e+06	-1.664	-0.088	0.907	1.137	1.230	1.352	1.622	1.670	1.733
	0.0004	6.76e+06	-1.618	-0.041	0.955	1.185	1.279	1.402	1.672	1.719	1.782
	0.0004	6.92e+06	-1.572	0.015	1.019	1.254	1.351	1.479	1.761	1.816	1.883
	0.0004	7.08e+06	-1.542	0.035	1.036	1.270	1.367	1.494	1.774	1.827	1.893
	0.0004	7.24e+06	-1.512	0.055	1.054	1.287	1.383	1.509	1.787	1.838	1.903
	0.0004	7.41e+06	-1.481	0.076	1.072	1.304	1.400	1.525	1.801	1.850	1.915
	0.0004	7.59e+06	-1.450	0.097	1.091	1.322	1.417	1.542	1.815	1.862	1.925
	0.0004	7.76e+06	-1.417	0.119	1.110	1.340	1.434	1.558	1.828	1.872	1.935
	0.0004	7.94e+06	-1.385	0.141	1.129	1.358	1.451	1.574	1.842	1.883	1.945
	0.0004	8.13e+06	-1.354	0.163	1.148	1.375	1.468	1.590	1.854	1.893	1.954
	0.0004	8.32e+06	-1.323	0.184	1.167	1.393	1.485	1.605	1.867	1.903	1.962
	0.0004	8.51e+06	-1.291	0.207	1.186	1.411	1.502	1.622	1.880	1.913	1.971
	0.0004	8.71e+06	-1.258	0.230	1.206	1.429	1.520	1.638	1.892	1.922	1.979
	0.0004	8.91e+06	-1.225	0.253	1.225	1.448	1.537	1.654	1.904	1.930	1.985
	0.0004	9.12e+06	-1.191	0.278	1.246	1.467	1.555	1.671	1.917	1.940	1.994
	0.0004	9.33e+06	-1.156	0.304	1.268	1.487	1.575	1.688	1.931	1.949	2.002
	0.0004	9.55e+06	-1.120	0.330	1.290	1.508	1.594	1.706	1.944	1.959	2.010
	0.0004	9.77e+06	-1.083	0.358	1.313	1.530	1.615	1.725	1.959	1.969	2.019
	0.0004	1.00e+07	-1.045	0.388	1.340	1.555	1.639	1.747	1.975	1.980	2.028
	0.0004	1.02e+07	-1.004	0.424	1.372	1.584	1.667	1.773	1.995	1.995	2.041
	0.0004	1.05e+07	-0.962	0.460	1.401	1.611	1.692	1.795	2.011	2.005	2.049
	0.0004	1.07e+07	-0.922	0.493	1.428	1.637	1.719	1.824	2.044	2.046	2.092
	0.0004	1.10e+07	-0.892	0.506	1.430	1.635	1.713	1.813	2.024	2.020	2.063
	0.0004	1.12e+07	-0.861	0.520	1.431	1.631	1.706	1.801	2.001	1.991	2.031
	0.0004	1.15e+07	-0.830	0.534	1.431	1.625	1.697	1.787	1.975	1.958	1.996
	0.0004	1.17e+07	-0.800	0.547	1.430	1.619	1.686	1.770	1.947	1.924	1.959
	0.0004	1.20e+07	-0.770	0.561	1.429	1.612	1.675	1.753	1.915	1.886	1.918
	0.0004	1.23e+07	-0.739	0.577	1.429	1.605	1.664	1.735	1.882	1.846	1.874
	0.0004	1.26e+07	-0.707	0.595	1.433	1.602	1.655	1.717	1.846	1.800	1.824
	0.0004	1.29e+07	-0.675	0.613	1.441	1.601	1.647	1.699	1.806	1.748	1.767
	0.0004	1.32e+07	-0.644	0.632	1.452	1.603	1.639	1.680	1.764	1.689	1.704
	0.0004	1.35e+07	-0.611	0.653	1.466	1.606	1.634	1.661	1.718	1.621	1.631
	0.0004	1.38e+07	-0.578	0.676	1.481	1.612	1.630	1.645	1.673	1.548	1.552
	0.0004	1.41e+07	-0.544	0.700	1.497	1.620	1.629	1.630	1.625	1.467	1.464
	0.0004	1.45e+07	-0.511	0.724	1.513	1.629	1.630	1.617	1.578	1.381	1.370
	0.0004	1.48e+07	-0.474	0.756	1.541	1.658	1.659	1.647	1.608	1.409	1.397
	0.0004	1.51e+07	-0.436	0.791	1.566	1.677	1.674	1.656	1.605	1.399	1.385
	0.0004	1.55e+07	-0.399	0.830	1.606	1.717	1.713	1.694	1.641	1.432	1.418
	0.0004	1.58e+07	-0.370	0.853	1.625	1.733	1.728	1.706	1.647	1.433	1.418
	0.0004	1.62e+07	-0.340	0.876	1.644	1.750	1.742	1.718	1.653	1.435	1.420
	0.0004	1.66e+07	-0.312	0.898	1.662	1.766	1.757	1.730	1.659	1.438	1.421
	0.0004	1.70e+07	-0.282	0.921	1.681	1.783	1.771	1.741	1.665	1.439	1.422
	0.0004	1.74e+07	-0.252	0.944	1.700	1.799	1.786	1.753	1.672	1.443	1.424
	0.0004	1.78e+07	-0.222	0.968	1.720	1.816	1.801	1.766	1.679	1.446	1.426
	0.0004	1.82e+07	-0.192	0.991	1.739	1.833	1.815	1.777	1.686	1.448	1.429
	0.0004	1.86e+07	-0.161	1.014	1.757	1.849	1.829	1.789	1.693	1.452	1.431
	0.0004	1.91e+07	-0.131	1.038	1.777	1.866	1.844	1.801	1.699	1.455	1.433
	0.0004	1.95e+07	-0.100	1.062	1.796	1.882	1.859	1.813	1.706	1.459	1.436
	0.0004	2.00e+07	-0.068	1.086	1.815	1.899	1.873	1.825	1.714	1.463	1.440
	0.0004	2.04e+07	-0.035	1.115	1.846	1.934	1.912	1.870	1.769	1.525	1.504
	0.0004	2.09e+07	-0.001	1.149	1.877	1.962	1.939	1.894	1.788	1.541	1.519
	0.0004	2.14e+07	0.035	1.182	1.907	1.991	1.967	1.920	1.811	1.562	1.540
	0.0004	2.19e+07	0.062	1.200	1.918	2.001	1.977	1.930	1.821	1.574	1.552
	0.0004	2.24e+07	0.089	1.217	1.929	2.010	1.984	1.935	1.824	1.575	1.553
	0.0004	2.29e+07	0.116	1.234	1.940	2.018	1.991	1.941	1.827	1.577	1.555
	0.0004	2.34e+07	0.143	1.251	1.951	2.027	1.998	1.946	1.830	1.579	1.556
	0.0004	2.40e+07	0.171	1.269	1.962	2.036	2.006	1.952	1.833	1.582	1.558
	0.0004	2.45e+07	0.198	1.286	1.973	2.045	2.013	1.958	1.837	1.584	1.561
	0.0004	2.51e+07	0.226	1.304	1.984	2.053	2.020	1.964	1.841	1.588	1.564
	0.0004	2.57e+07	0.253	1.321	1.995	2.062	2.028	1.970	1.845	1.591	1.567
	0.0004	2.63e+07	0.280	1.339	2.006	2.071	2.035	1.976	1.848	1.594	1.569
	0.0004	2.69e+07	0.308	1.356	2.016	2.080	2.043	1.982	1.852	1.597	1.573
	0.0004	2.75e+07	0.335	1.373	2.027	2.088	2.051	1.988	1.857	1.601	1.576
	0.0004	2.82e+07	0.363	1.391	2.038	2.097	2.058	1.995	1.861	1.604	1.579
	0.0004	2.88e+07	0.390	1.409	2.050	2.106	2.066	2.001	1.865	1.608	1.583
	0.0004	2.95e+07	0.418	1.427	2.061	2.116	2.074	2.008	1.870	1.612	1.587
	0.0004	3.02e+07	0.446	1.445	2.072	2.125	2.083	2.015	1.875	1.617	1.592
	0.0004	3.09e+07	0.475	1.464	2.084	2.135	2.091	2.022	1.880	1.622	1.596
	0.0004	3.16e+07	0.504	1.483	2.096	2.145	2.100	2.029	1.885	1.626	1.600
	0.0004	3.24e+07	0.533	1.502	2.110	2.159	2.116	2.047	1.907	1.653	1.628
	0.0004	3.31e+07	0.564	1.528	2.135	2.184	2.142	2.074	1.937	1.686	1.661
	0.0004	3.39e+07	0.596	1.556	2.158	2.206	2.162	2.093	1.954	1.702	1.677
	0.0004	3.47e+07	0.626	1.581	2.182	2.230	2.188	2.121	1.985	1.736	1.711
	0.0004	3.55e+07	0.651	1.598	2.195	2.243	2.201	2.134	1.999	1.751	1.727
	0.0004	3.63e+07	0.676	1.615	2.208	2.256	2.214	2.147	2.013	1.766	1.742
	0.0004	3.72e+07	0.702	1.632	2.221	2.269	2.227	2.161	2.027	1.781	1.757
	0.0004	3.80e+07	0.726	1.649	2.235	2.281	2.240	2.174	2.041	1.797	1.773
	0.0004	3.89e+07	0.751	1.666	2.248	2.294	2.253	2.187	2.055	1.811	1.787
	0.0004	3.98e+07	0.777	1.683	2.262	2.308	2.266	2.201	2.069	1.827	1.803
	0.0004	4.07e+07	0.803	1.700	2.275	2.321	2.279	2.214	2.083	1.841	1.818
	0.0004	4.17e+07	0.828	1.718	2.289	2.334	2.293	2.228	2.097	1.856	1.832
	0.0004	4.27e+07	0.854	1.735	2.303	2.348	2.306	2.241	2.111	1.871	1.847
	0.0004	4.37e+07	0.879	1.753	2.317	2.361	2.320	2.255	2.126	1.886	1.863
	0.0004	4.47e+07	0.905	1.770	2.331	2.375	2.333	2.269	2.140	1.901	1.878
	0.0004	4.57e+07	0.930	1.788	2.345	2.388	2.347	2.282	2.154	1.915	1.892
	0.0004	4.68e+07	0.955	1.805	2.358	2.401	2.360	2.296	2.167	1.930	1.907
	0.0004	4.79e+07	0.981	1.823	2.372	2.415	2.374	2.310	2.182	1.945	1.922
	0.0004	4.90e+07	1.007	1.841	2.387	2.429	2.388	2.324	2.196	1.960	1.937
	0.0004	5.01e+07	1.033	1.859	2.402	2.444	2.403	2.339	2.212	1.977	1.955
	0.0004	5.13e+07	1.061	1.877	2.416	2.459	2.421	2.361	2.243	2.019	1.998
	0.0004	5.25e+07	1.088	1.898	2.433	2.475	2.436	2.376	2.257	2.032	2.011
	0.0004	5.37e+07	1.116	1.919	2.450	2.491	2.451	2.390	2.270	2.045	2.024
	0.0004	5.50e+07	1.142	1.938	2.464	2.504	2.464	2.402	2.282	2.058	2.037
	0.0004	5.62e+07	1.168	1.956	2.478	2.516	2.475	2.412	2.290	2.065	2.044
	0.0004	5.75e+07	1.194	1.974	2.491	2.528	2.486	2.422	2.298	2.073	2.052
	0.0004	5.89e+07	1.220	1.993	2.505	2.540	2.497	2.432	2.306	2.080	2.058
	0.0004	6.03e+07	1.246	2.011	2.519	2.552	2.509	2.443	2.315	2.088	2.066
	0.0004	6.17e+07	1.272	2.030	2.533	2.565	2.520	2.453	2.323	2.094	2.072
	0.0004	6.31e+07	1.299	2.050	2.547	2.578	2.532	2.463	2.331	2.101	2.079
	0.0004	6.46e+07	1.325	2.069	2.562	2.591	2.544	2.474	2.340	2.109	2.086
	0.0004	6.61e+07	1.352	2.089	2.577	2.604	2.557	2.486	2.350	2.118	2.095
	0.0004	6.76e+07	1.380	2.110	2.596	2.623	2.576	2.506	2.372	2.141	2.118
	0.0004	6.92e+07	1.408	2.133	2.615	2.640	2.592	2.520	2.383	2.151	2.128
	0.0004	7.08e+07	1.436	2.155	2.632	2.655	2.606	2.532	2.392	2.159	2.135
	0.0004	7.24e+07	1.463	2.177	2.649	2.671	2.621	2.548	2.408	2.175	2.152
	0.0004	7.41e+07	1.487	2.194	2.661	2.681	2.630	2.555	2.412	2.179	2.155
	0.0004	7.59e+07	1.511	2.211	2.673	2.691	2.639	2.562	2.416	2.180	2.156
	0.0004	7.76e+07	1.536	2.229	2.686	2.702	2.648	2.570	2.421	2.184	2.160
	0.0004	7.94e+07	1.560	2.246	2.698	2.712	2.657	2.577	2.426	2.187	2.162
	0.0004	8.13e+07	1.585	2.264	2.710	2.723	2.666	2.585	2.430	2.190	2.164
	0.0004	8.32e+07	1.610	2.282	2.723	2.734	2.676	2.592	2.435	2.193	2.168
	0.0004	8.51e+07	1.635	2.301	2.736	2.745	2.685	2.600	2.440	2.196	2.170
	0.0004	8.71e+07	1.660	2.319	2.750	2.756	2.695	2.608	2.445	2.199	2.173
	0.0004	8.91e+07	1.685	2.338	2.763	2.767	2.705	2.616	2.449	2.201	2.174
	0.0004	9.12e+07	1.710	2.356	2.776	2.778	2.714	2.624	2.454	2.204	2.177
	0.0004	9.33e+07	1.735	2.375	2.790	2.790	2.726	2.634	2.463	2.212	2.184
	0.0004	9.55e+07	1.761	2.395	2.806	2.805	2.740	2.648	2.476	2.224	2.197
	0.0004	9.77e+07	1.787	2.417	2.824	2.820	2.753	2.658	2.481	2.227	2.198
	0.0004	1.00e+08	1.814	2.439	2.840	2.834	2.764	2.666	2.485	2.226	2.198
	0.0004	1.02e+08	1.840	2.461	2.857	2.847	2.776	2.676	2.489	2.228	2.198
	0.0004	1.05e+08	1.568	2.468	2.826	2.689	2.443	2.074	1.233	0.442	0.204
	0.0004	1.07e+08	1.584	2.487	2.840	2.700	2.450	2.076	1.226	0.429	0.189
	0.0004	1.10e+08	1.599	2.506	2.853	2.710	2.457	2.078	1.218	0.415	0.172
	0.0004	1.12e+08	1.614	2.525	2.867	2.722	2.465	2.082	1.212	0.403	0.158
	0.0004	1.15e+08	1.629	2.544	2.882	2.734	2.475	2.087	1.206	0.391	0.144
	0.0004	1.17e+08	1.645	2.564	2.898	2.748	2.487	2.094	1.203	0.382	0.132
	0.0004	1.20e+08	1.661	2.586	2.915	2.763	2.497	2.098	1.196	0.368	0.115
	0.0004	1.23e+08	1.677	2.607	2.932	2.777	2.508	2.103	1.191	0.358	0.103
	0.0004	1.26e+08	1.693	2.630	2.950	2.793	2.520	2.108	1.183	0.341	0.086
	0.0004	1.29e+08	1.719	2.649	2.965	2.809	2.539	2.129	1.206	0.367	0.111
	0.0004	1.32e+08	1.737	2.668	2.978	2.818	2.544	2.132	1.210	0.371	0.118
	0.0004	1.35e+08	1.754	2.687	2.991	2.826	2.548	2.133	1.210	0.371	0.120
	0.0004	1.38e+08	1.772	2.707	3.006	2.841	2.560	2.134	1.201	0.358	0.113
	0.0004	1.41e+08	1.788	2.726	3.020	2.850	2.565	2.136	1.201	0.358	0.115
	0.0004	1.45e+08	1.806	2.745	3.033	2.859	2.572	2.143	1.208	0.368	0.126
	0.0004	1.48e+08	1.823	2.764	3.046	2.868	2.578	2.146	1.209	0.369	0.128
	0.0004	1.51e+08	1.841	2.784	3.061	2.879	2.586	2.150	1.213	0.373	0.135
	0.0004	1.55e+08	1.858	2.805	3.077	2.890	2.593	2.154	1.215	0.375	0.138
	0.0004	1.59e+08	1.876	2.825	3.092	2.900	2.600	2.158	1.218	0.380	0.145
	0.0004	1.62e+08	1.894	2.846	3.107	2.912	2.609	2.165	1.224	0.385	0.152
	0.0004	1.66e+08	1.916	2.866	3.122	2.930	2.631	2.186	1.235	0.396	0.161
	0.0004	1.70e+08	1.930	2.885	3.137	2.943	2.643	2.196	1.236	0.395	0.157
	0.0004	1.74e+08	1.945	2.905	3.151	2.955	2.655	2.205	1.237	0.394	0.151
	0.0004	1.78e+08	1.959	2.924	3.166	2.968	2.667	2.215	1.238	0.392	0.146
	0.0004	1.82e+08	1.973	2.946	3.185	2.994	2.696	2.233	1.214	0.359	0.117
	0.0004	1.86e+08	1.987	2.966	3.201	3.008	2.709	2.241	1.214	0.355	0.110
	0.0004	1.91e+08	2.001	2.987	3.217	3.023	2.722	2.251	1.215	0.352	0.104
	0.0004	1.95e+08	2.015	3.007	3.233	3.038	2.735	2.261	1.215	0.349	0.097
	0.0004	2.00e+08	2.029	3.029	3.251	3.054	2.750	2.272	1.216	0.345	0.091
	0.0004	2.04e+08	2.043	3.052	3.270	3.071	2.764	2.282	1.217	0.342	0.085
	0.0004	2.09e+08	2.058	3.077	3.293	3.100	2.796	2.303	1.193	0.310	0.057
	0.0004	2.14e+08	2.072	3.102	3.313	3.117	2.811	2.313	1.194	0.307	0.051
	0.0004	2.19e+08	2.119	3.114	3.314	3.095	2.787	2.335	1.337	0.477	0.200
	0.0004	2.24e+08	2.158	3.133	3.329	3.112	2.808	2.365	1.385	0.535	0.263
	0.0004	2.29e+08	2.197	3.152	3.344	3.129	2.830	2.395	1.433	0.592	0.326
	0.0004	2.34e+08	2.236	3.172	3.360	3.146	2.851	2.425	1.482	0.651	0.390
	0.0004	2.40e+08	2.275	3.192	3.375	3.163	2.873	2.455	1.531	0.710	0.455
	0.0004	2.45e+08	2.315	3.212	3.391	3.180	2.895	2.486	1.582	0.772	0.523
	0.0004	2.51e+08	2.354	3.232	3.406	3.197	2.916	2.515	1.630	0.832	0.589
	0.0004	2.57e+08	2.395	3.253	3.423	3.215	2.939	2.546	1.681	0.896	0.659
	0.0004	2.63e+08	2.435	3.273	3.440	3.234	2.963	2.579	1.735	0.962	0.732
	0.0004	2.69e+08	2.477	3.294	3.457	3.254	2.988	2.612	1.789	1.029	0.806
	0.0004	2.75e+08	2.518	3.315	3.475	3.274	3.013	2.646	1.843	1.096	0.881
	0.0004	2.82e+08	2.561	3.339	3.495	3.296	3.039	2.680	1.899	1.167	0.959
	0.0004	2.88e+08	2.603	3.363	3.517	3.318	3.064	2.712	1.952	1.234	1.036
	0.0004	2.95e+08	2.646	3.388	3.538	3.340	3.090	2.746	2.009	1.307	1.117
	0.0004	3.02e+08	2.691	3.413	3.561	3.364	3.118	2.782	2.068	1.383	1.204
	0.0004	3.09e+08	2.731	3.434	3.580	3.386	3.146	2.818	2.124	1.452	1.279
	0.0004	3.16e+08	2.749	3.454	3.595	3.398	3.157	2.827	2.129	1.455	1.281
	0.0004	3.24e+08	2.765	3.474	3.611	3.411	3.167	2.835	2.133	1.457	1.281
	0.0004	3.31e+08	2.783	3.494	3.627	3.424	3.178	2.844	2.139	1.461	1.285
	0.0004	3.39e+08	2.800	3.515	3.644	3.437	3.189	2.853	2.143	1.464	1.287
	0.0004	3.47e+08	2.817	3.536	3.660	3.450	3.200	2.861	2.148	1.467	1.288
	0.0004	3.55e+08	2.835	3.557	3.677	3.464	3.211	2.871	2.154	1.471	1.291
	0.0004	3.63e+08	2.852	3.578	3.694	3.477	3.222	2.879	2.159	1.474	1.294
	0.0004	3.72e+08	2.869	3.599	3.711	3.491	3.234	2.889	2.165	1.478	1.297
	0.0004	3.80e+08	2.886	3.620	3.729	3.505	3.246	2.898	2.171	1.482	1.300
	0.0004	3.89e+08	2.904	3.642	3.747	3.520	3.258	2.909	2.178	1.488	1.304
	0.0004	3.98e+08	2.922	3.664	3.766	3.535	3.272	2.920	2.185	1.492	1.307
	0.0004	4.07e+08	2.940	3.686	3.784	3.551	3.287	2.933	2.194	1.500	1.314
	0.0004	4.17e+08	2.959	3.708	3.803	3.568	3.301	2.946	2.203	1.506	1.320
	0.0004	4.27e+08	2.977	3.731	3.823	3.584	3.316	2.958	2.211	1.512	1.324
	0.0004	4.37e+08	2.996	3.754	3.843	3.602	3.332	2.972	2.222	1.520	1.331
	0.0004	4.47e+08	3.015	3.779	3.865	3.620	3.347	2.985	2.230	1.526	1.336
	0.0004	4.57e+08	3.034	3.803	3.887	3.638	3.363	2.998	2.239	1.533	1.341
	0.0004	4.68e+08	3.071	3.828	3.910	3.665	3.395	3.036	2.285	1.582	1.391
	0.0004	4.79e+08	3.102	3.848	3.927	3.681	3.413	3.058	2.319	1.624	1.436
	0.0004	4.90e+08	3.128	3.868	3.945	3.698	3.431	3.078	2.344	1.652	1.464
	0.0004	5.01e+08	3.154	3.889	3.962	3.715	3.449	3.099	2.371	1.682	1.494
	0.0004	5.13e+08	3.181	3.909	3.981	3.732	3.467	3.120	2.398	1.712	1.524
	0.0004	5.25e+08	3.207	3.930	3.999	3.749	3.485	3.140	2.423	1.740	1.551
	0.0004	5.37e+08	3.235	3.951	4.019	3.769	3.507	3.164	2.453	1.773	1.583
	0.0004	5.50e+08	3.263	3.972	4.038	3.788	3.528	3.188	2.483	1.806	1.616
	0.0004	5.62e+08	3.290	3.993	4.058	3.808	3.549	3.211	2.512	1.838	1.647
	0.0004	5.76e+08	3.319	4.016	4.079	3.828	3.571	3.237	2.543	1.872	1.681
	0.0004	5.89e+08	3.349	4.041	4.104	3.851	3.594	3.261	2.572	1.903	1.712
	0.0004	6.03e+08	3.379	4.066	4.130	3.875	3.618	3.286	2.602	1.937	1.745
	0.0004	6.17e+08	3.409	4.092	4.156	3.898	3.641	3.310	2.630	1.968	1.776
	0.0004	6.31e+08	3.439	4.120	4.185	3.923	3.665	3.334	2.658	1.999	1.806
	0.0004	6.46e+08	3.491	4.145	4.211	3.950	3.695	3.373	2.728	2.094	1.915
	0.0004	6.61e+08	3.507	4.167	4.232	3.965	3.706	3.382	2.732	2.097	1.918
	0.0004	6.76e+08	3.522	4.188	4.252	3.980	3.718	3.389	2.735	2.098	1.918
	0.0004	6.92e+08	3.538	4.209	4.273	3.995	3.730	3.398	2.741	2.102	1.923
	0.0004	7.08e+08	3.553	4.231	4.294	4.010	3.741	3.406	2.744	2.104	1.925
	0.0004	7.25e+08	3.569	4.252	4.315	4.025	3.752	3.414	2.748	2.107	1.926
	0.0004	7.41e+08	3.585	4.275	4.337	4.042	3.765	3.423	2.753	2.110	1.930
	0.0004	7.59e+08	3.601	4.298	4.359	4.058	3.777	3.431	2.756	2.111	1.930
	0.0004	7.76e+08	3.617	4.320	4.381	4.074	3.789	3.441	2.762	2.115	1.934
	0.0004	7.94e+08	3.634	4.343	4.403	4.092	3.804	3.452	2.770	2.121	1.939
	0.0004	8.13e+08	3.648	4.364	4.424	4.107	3.815	3.460	2.773	2.122	1.940
	0.0004	8.32e+08	3.668	4.389	4.448	4.127	3.833	3.475	2.786	2.136	1.954
	0.0004	8.51e+08	3.691	4.412	4.471	4.146	3.849	3.491	2.803	2.154	1.974
	0.0004	8.71e+08	3.710	4.436	4.494	4.164	3.865	3.504	2.815	2.164	1.984
	0.0004	8.91e+08	3.728	4.459	4.516	4.182	3.880	3.517	2.826	2.175	1.993
	0.0004	9.12e+08	3.747	4.482	4.539	4.200	3.896	3.531	2.837	2.184	2.003
	0.0004	9.33e+08	3.765	4.505	4.560	4.217	3.910	3.542	2.847	2.194	2.012
	0.0004	9.55e+08	3.783	4.528	4.582	4.235	3.925	3.556	2.858	2.204	2.022
	0.0004	9.77e+08	3.817	4.549	4.603	4.255	3.947	3.582	2.897	2.251	2.073
	0.0004	1.00e+09	3.833	4.569	4.620	4.268	3.957	3.590	2.905	2.261	2.084
	0.0004	1.02e+09	3.846	4.586	4.636	4.277	3.964	3.595	2.910	2.268	2.092
	0.0004	1.05e+09	3.856	4.601	4.649	4.284	3.968	3.597	2.914	2.274	2.098
	0.0004	1.07e+09	3.868	4.615	4.660	4.290	3.972	3.600	2.919	2.282	2.108
	0.0004	1.10e+09	3.880	4.629	4.673	4.298	3.977	3.604	2.925	2.289	2.116
	0.0004	1.12e+09	3.861	4.640	4.678	4.289	3.958	3.576	2.882	2.239	2.067
	0.0004	1.15e+09	3.871	4.657	4.691	4.296	3.963	3.578	2.884	2.240	2.068
	0.0004	1.18e+09	3.884	4.671	4.702	4.301	3.966	3.581	2.893	2.255	2.086
	0.0004	1.20e+09	3.893	4.683	4.710	4.301	3.962	3.576	2.895	2.264	2.098
	0.0004	1.23e+09	3.860	4.703	4.719	4.290	3.936	3.535	2.829	2.180	2.011
	0.0004	1.26e+09	3.888	4.727	4.739	4.304	3.950	3.552	2.857	2.216	2.050
	0.0004	1.29e+09	3.874	4.766	4.766	4.312	3.944	3.532	2.814	2.158	1.987
	0.0004	1.32e+09	3.907	4.812	4.805	4.344	3.972	3.558	2.840	2.185	2.017
	0.0004	1.35e+09	3.958	4.869	4.857	4.394	4.022	3.606	2.888	2.233	2.067
	0.0004	1.38e+09	4.026	4.936	4.920	4.461	4.090	3.676	2.959	2.305	2.139
	0.0004	1.41e+09	4.214	4.983	4.982	4.559	4.222	3.849	3.224	2.642	2.507
	0.0004	1.45e+09	4.250	5.006	5.003	4.578	4.243	3.873	3.265	2.699	2.574
	0.0004	1.48e+09	4.285	5.029	5.023	4.597	4.263	3.898	3.304	2.754	2.637
	0.0004	1.51e+09	4.317	5.051	5.044	4.616	4.283	3.921	3.340	2.803	2.694
	0.0004	1.55e+09	4.346	5.070	5.061	4.631	4.299	3.940	3.371	2.848	2.746
	0.0004	1.59e+09	4.372	5.089	5.079	4.646	4.314	3.957	3.398	2.886	2.790
	0.0004	1.62e+09	4.392	5.105	5.094	4.656	4.323	3.966	3.415	2.913	2.822
	0.0004	1.66e+09	4.414	5.124	5.110	4.666	4.331	3.976	3.436	2.948	2.865
	0.0004	1.70e+09	4.432	5.146	5.131	4.682	4.345	3.988	3.447	2.958	2.876
	0.0004	1.74e+09	4.448	5.169	5.153	4.699	4.359	4.000	3.456	2.965	2.882
	0.0004	1.78e+09	4.465	5.191	5.174	4.716	4.374	4.012	3.466	2.974	2.891
	0.0004	1.82e+09	4.482	5.215	5.198	4.734	4.389	4.025	3.477	2.983	2.899
	0.0004	1.86e+09	4.501	5.239	5.220	4.752	4.405	4.040	3.489	2.994	2.910
	0.0004	1.91e+09	4.518	5.262	5.242	4.770	4.421	4.054	3.501	3.003	2.918
	0.0004	1.95e+09	4.559	5.284	5.264	4.791	4.444	4.082	3.549	3.073	3.002
	0.0004	2.00e+09	4.575	5.305	5.284	4.809	4.460	4.097	3.561	3.083	3.012
	0.0004	2.04e+09	4.596	5.327	5.307	4.830	4.481	4.117	3.580	3.100	3.028
	0.0004	2.09e+09	4.611	5.347	5.327	4.848	4.496	4.131	3.591	3.109	3.035
	0.0004	2.14e+09	4.626	5.367	5.347	4.865	4.512	4.144	3.602	3.117	3.042
	0.0004	2.19e+09	4.640	5.387	5.367	4.881	4.526	4.157	3.611	3.123	3.046
	0.0004	2.24e+09	4.657	5.410	5.390	4.901	4.544	4.173	3.624	3.132	3.053
	0.0004	2.29e+09	4.677	5.435	5.416	4.924	4.565	4.193	3.639	3.144	3.063
	0.0004	2.34e+09	4.720	5.461	5.443	4.953	4.597	4.229	3.693	3.216	3.147
	0.0004	2.40e+09	4.735	5.480	5.462	4.969	4.612	4.243	3.705	3.226	3.156
	0.0004	2.46e+09	4.752	5.500	5.482	4.986	4.628	4.258	3.718	3.238	3.167
	0.0004	2.51e+09	4.771	5.522	5.505	5.008	4.649	4.278	3.736	3.255	3.184
	0.0004	2.57e+09	4.797	5.545	5.530	5.034	4.676	4.305	3.763	3.280	3.208
	0.0004	2.63e+09	4.813	5.560	5.546	5.050	4.691	4.320	3.777	3.295	3.223
	0.0004	2.69e+09	4.828	5.578	5.564	5.065	4.704	4.332	3.787	3.303	3.230
	0.0004	2.75e+09	4.845	5.599	5.585	5.083	4.720	4.347	3.799	3.313	3.239
	0.0004	2.82e+09	4.861	5.619	5.604	5.099	4.735	4.360	3.810	3.321	3.246
	0.0004	2.88e+09	4.882	5.649	5.633	5.123	4.756	4.378	3.825	3.333	3.256
	0.0004	2.95e+09	4.906	5.675	5.661	5.149	4.782	4.404	3.849	3.357	3.276
	0.0004	3.02e+09	4.925	5.696	5.683	5.169	4.800	4.421	3.864	3.372	3.292
	0.0004	3.09e+09	4.944	5.719	5.707	5.189	4.818	4.438	3.881	3.389	3.309
	0.0004	3.16e+09	4.965	5.742	5.731	5.210	4.837	4.457	3.900	3.408	3.329
	0.0004	3.24e+09	4.988	5.767	5.755	5.230	4.857	4.475	3.919	3.428	3.350
	0.0004	3.31e+09	5.015	5.793	5.784	5.258	4.883	4.501	3.945	3.455	3.377
	0.0004	3.39e+09	5.035	5.815	5.807	5.277	4.902	4.519	3.962	3.472	3.394
	0.0004	3.47e+09	5.054	5.837	5.829	5.297	4.919	4.535	3.979	3.489	3.412
	0.0004	3.55e+09	5.073	5.858	5.852	5.315	4.936	4.551	3.995	3.505	3.428
	0.0004	3.63e+09	5.092	5.880	5.874	5.335	4.954	4.568	4.011	3.520	3.444
	0.0004	3.72e+09	5.114	5.906	5.901	5.358	4.975	4.587	4.029	3.538	3.461
	0.0004	3.80e+09	5.128	5.928	5.925	5.379	4.994	4.605	4.041	3.547	3.470
	0.0004	3.89e+09	5.146	5.949	5.947	5.398	5.012	4.621	4.057	3.563	3.486
	0.0004	3.98e+09	5.167	5.972	5.971	5.419	5.032	4.640	4.076	3.582	3.505
	0.0004	4.07e+09	5.186	5.993	5.993	5.439	5.050	4.657	4.092	3.598	3.521
	0.0004	4.17e+09	5.207	6.016	6.018	5.461	5.070	4.677	4.111	3.617	3.540
	0.0004	4.27e+09	5.227	6.038	6.041	5.481	5.089	4.695	4.129	3.635	3.559
	0.0004	4.37e+09	5.246	6.061	6.065	5.502	5.108	4.713	4.146	3.652	3.575
	0.0004	4.47e+09	5.277	6.089	6.096	5.533	5.139	4.744	4.178	3.684	3.608
	0.0004	4.57e+09	5.298	6.111	6.118	5.552	5.157	4.761	4.194	3.699	3.623
	0.0004	4.68e+09	5.319	6.133	6.142	5.573	5.177	4.780	4.213	3.719	3.643
	0.0004	4.79e+09	5.337	6.155	6.165	5.593	5.195	4.797	4.229	3.733	3.656
	0.0004	4.90e+09	5.358	6.179	6.190	5.616	5.216	4.816	4.247	3.751	3.674
	0.0004	5.01e+09	5.393	6.202	6.214	5.638	5.238	4.840	4.282	3.797	3.727
	0.0004	5.13e+09	5.408	6.222	6.235	5.655	5.253	4.854	4.294	3.807	3.738
	0.0004	5.25e+09	5.428	6.243	6.256	5.674	5.271	4.872	4.312	3.826	3.757
	0.0004	5.37e+09	5.442	6.263	6.276	5.690	5.285	4.883	4.321	3.832	3.763
	0.0004	5.50e+09	5.457	6.284	6.297	5.707	5.299	4.896	4.331	3.841	3.771
	0.0004	5.62e+09	5.478	6.306	6.320	5.728	5.320	4.916	4.351	3.861	3.791
	0.0004	5.76e+09	5.491	6.326	6.340	5.744	5.333	4.927	4.359	3.867	3.797
	0.0004	5.89e+09	5.512	6.349	6.363	5.765	5.353	4.946	4.378	3.886	3.816
	0.0004	6.03e+09	5.528	6.371	6.384	5.783	5.369	4.960	4.390	3.896	3.825
	0.0004	6.17e+09	5.545	6.395	6.407	5.802	5.386	4.976	4.403	3.908	3.836
	0.0004	6.31e+09	5.570	6.422	6.436	5.828	5.411	5.000	4.426	3.930	3.858
	0.0004	6.46e+09	5.591	6.444	6.460	5.850	5.432	5.021	4.448	3.954	3.882
	0.0004	6.61e+09	5.609	6.468	6.483	5.871	5.451	5.038	4.462	3.967	3.894
	0.0004	6.76e+09	5.631	6.473	6.498	5.896	5.485	5.082	4.532	4.063	4.000
	0.0004	6.92e+09	5.645	6.491	6.516	5.911	5.498	5.095	4.543	4.074	4.010
	0.0004	7.08e+09	5.665	6.510	6.536	5.929	5.515	5.110	4.558	4.088	4.024
	0.0004	7.25e+09	5.684	6.530	6.555	5.946	5.531	5.125	4.571	4.100	4.036
	0.0004	7.41e+09	5.701	6.548	6.574	5.962	5.545	5.138	4.584	4.112	4.048
	0.0004	7.59e+09	5.723	6.568	6.595	5.982	5.564	5.157	4.602	4.130	4.066
	0.0004	7.76e+09	5.742	6.588	6.614	5.998	5.579	5.171	4.614	4.142	4.077
	0.0004	7.94e+09	5.763	6.608	6.634	6.016	5.596	5.187	4.630	4.157	4.093
	0.0004	8.13e+09	5.782	6.629	6.653	6.033	5.612	5.202	4.644	4.170	4.105
	0.0004	8.32e+09	5.804	6.652	6.674	6.052	5.630	5.219	4.660	4.186	4.121
	0.0004	8.51e+09	5.824	6.678	6.696	6.071	5.647	5.235	4.675	4.200	4.135
	0.0004	8.71e+09	5.843	6.705	6.719	6.089	5.664	5.250	4.688	4.212	4.147
	0.0004	8.91e+09	5.865	6.736	6.748	6.112	5.684	5.268	4.704	4.227	4.162
	0.0004	9.12e+09	5.889	6.767	6.779	6.139	5.708	5.291	4.725	4.247	4.182
	0.0004	9.33e+09	5.930	6.807	6.821	6.180	5.749	5.331	4.765	4.287	4.221
	0.0004	9.55e+09	5.948	6.826	6.840	6.198	5.767	5.349	4.782	4.304	4.238
	0.0004	9.77e+09	5.966	6.846	6.860	6.217	5.785	5.366	4.799	4.321	4.255
	0.0004	1.00e+10	5.981	6.865	6.878	6.233	5.800	5.381	4.812	4.333	4.267
	0.0004	1.02e+10	5.994	6.884	6.895	6.248	5.813	5.393	4.823	4.342	4.276
	0.0004	1.05e+10	6.011	6.904	6.915	6.266	5.830	5.409	4.838	4.357	4.291
	0.0004	1.07e+10	6.029	6.925	6.936	6.285	5.849	5.427	4.856	4.374	4.308
	0.0004	1.10e+10	6.044	6.942	6.952	6.300	5.864	5.442	4.870	4.388	4.321
	0.0004	1.12e+10	6.057	6.955	6.965	6.314	5.877	5.455	4.882	4.400	4.333
	0.0004	1.15e+10	6.072	6.975	6.984	6.331	5.893	5.470	4.897	4.414	4.347
	0.0004	1.18e+10	6.089	6.991	7.002	6.350	5.912	5.489	4.915	4.433	4.365
	0.0004	1.20e+10	6.103	7.011	7.021	6.366	5.927	5.502	4.927	4.443	4.376
	0.0004	1.23e+10	6.117	7.032	7.040	6.382	5.942	5.516	4.939	4.454	4.386
	0.0004	1.26e+10	6.135	7.053	7.061	6.402	5.960	5.534	4.957	4.471	4.403
	0.0004	1.29e+10	6.155	7.076	7.083	6.423	5.981	5.555	4.977	4.492	4.424
	0.0004	1.32e+10	6.173	7.100	7.106	6.443	6.000	5.573	4.994	4.507	4.439
