# File generated by CMD 2.7 (http://stev.oapd.inaf.it/cmd) on Mon Jun 15 15:50:16 CEST 2015
# Basic reference: Marigo et al. (2008, A&A 482, 883) 
# but applying the corrections from Case A in Girardi et al. (2010, ApJ 724, 1030) 
# + Bertelli et al. (1994, A&AS, 106, 275) for the Mi>7.0 Msun interval
# Photometric system: <i>UBVRIJHK</i> (cf. Maiz-Apellaniz 2006 + Bessell 1990)
# Using OBC version of bolometric corrections as detailed in Marigo et al. (2008, A&A 482, 883) and Girardi et al. (2008, PASP 120, 583)
# BCs of Carbon stars derive from Loidl et al. (2001, A&A 342, 531)
# O-rich circumstellar dust ignored
# C-rich circumstellar dust ignored
# IMF: Kroupa (2001, 2002) + Kroupa et al. (2013) canonical two-part-power law IMF corrected for unresolved binaries 
# Kind of output: SSP integrated magnitudes
#	Z	Age		mbol    U       B       V       R       I       J       H       K
	0.0001	3.98e+06	-2.591	-0.801	-0.486	-0.875	-1.192	-1.522	-1.964	-2.303	-2.356
	0.0001	4.07e+06	-2.542	-0.835	-0.526	-0.816	-1.077	-1.361	-1.747	-2.041	-2.089
	0.0001	4.17e+06	-2.488	-0.905	-0.599	-0.747	-0.915	-1.117	-1.397	-1.610	-1.647
	0.0001	4.27e+06	-2.449	-0.988	-0.662	-0.704	-0.790	-0.907	-1.064	-1.186	-1.207
	0.0001	4.37e+06	-2.416	-1.022	-0.639	-0.615	-0.651	-0.707	-0.767	-0.828	-0.834
	0.0001	4.47e+06	-2.383	-1.006	-0.529	-0.465	-0.470	-0.484	-0.465	-0.489	-0.480
	0.0001	4.57e+06	-2.350	-0.951	-0.376	-0.276	-0.259	-0.241	-0.162	-0.161	-0.140
	0.0001	4.68e+06	-2.314	-0.873	-0.199	-0.069	-0.035	0.009	0.140	0.159	0.190
	0.0001	4.79e+06	-2.277	-0.780	-0.017	0.140	0.189	0.255	0.430	0.463	0.505
	0.0001	4.90e+06	-2.239	-0.678	0.162	0.342	0.405	0.490	0.701	0.747	0.797
	0.0001	5.01e+06	-2.199	-0.570	0.331	0.532	0.608	0.709	0.951	1.007	1.064
	0.0001	5.13e+06	-2.158	-0.466	0.488	0.706	0.793	0.908	1.174	1.238	1.302
	0.0001	5.25e+06	-2.114	-0.366	0.626	0.859	0.954	1.079	1.364	1.434	1.503
	0.0001	5.37e+06	-2.068	-0.283	0.735	0.977	1.078	1.211	1.509	1.583	1.656
	0.0001	5.50e+06	-2.021	-0.216	0.818	1.066	1.172	1.309	1.615	1.692	1.768
	0.0001	5.62e+06	-1.984	-0.181	0.858	1.109	1.216	1.356	1.669	1.749	1.827
	0.0001	5.75e+06	-1.951	-0.157	0.882	1.133	1.241	1.381	1.694	1.774	1.852
	0.0001	5.89e+06	-1.917	-0.130	0.909	1.160	1.267	1.408	1.721	1.801	1.879
	0.0001	6.03e+06	-1.882	-0.102	0.936	1.188	1.296	1.436	1.750	1.831	1.908
	0.0001	6.17e+06	-1.845	-0.074	0.965	1.216	1.324	1.465	1.778	1.859	1.936
	0.0001	6.31e+06	-1.807	-0.043	0.995	1.246	1.354	1.495	1.808	1.888	1.965
	0.0001	6.46e+06	-1.767	-0.011	1.027	1.278	1.386	1.526	1.839	1.919	1.996
	0.0001	6.61e+06	-1.725	0.027	1.065	1.315	1.423	1.563	1.875	1.954	2.031
	0.0001	6.76e+06	-1.681	0.068	1.105	1.356	1.463	1.604	1.915	1.993	2.070
	0.0001	6.92e+06	-1.635	0.113	1.150	1.401	1.508	1.649	1.959	2.037	2.114
	0.0001	7.08e+06	-1.596	0.152	1.192	1.444	1.553	1.695	2.010	2.091	2.169
	0.0001	7.24e+06	-1.564	0.174	1.212	1.464	1.573	1.715	2.029	2.109	2.187
	0.0001	7.41e+06	-1.532	0.197	1.234	1.485	1.593	1.735	2.049	2.129	2.207
	0.0001	7.59e+06	-1.499	0.220	1.255	1.505	1.614	1.755	2.068	2.148	2.225
	0.0001	7.76e+06	-1.464	0.244	1.277	1.527	1.635	1.776	2.089	2.167	2.245
	0.0001	7.94e+06	-1.431	0.267	1.298	1.547	1.655	1.796	2.108	2.186	2.263
	0.0001	8.13e+06	-1.400	0.289	1.319	1.568	1.675	1.816	2.127	2.204	2.281
	0.0001	8.32e+06	-1.367	0.313	1.341	1.589	1.696	1.837	2.146	2.223	2.300
	0.0001	8.51e+06	-1.334	0.337	1.363	1.610	1.718	1.858	2.167	2.243	2.319
	0.0001	8.71e+06	-1.299	0.363	1.386	1.633	1.740	1.880	2.188	2.264	2.340
	0.0001	8.91e+06	-1.265	0.387	1.409	1.655	1.762	1.902	2.209	2.284	2.359
	0.0001	9.12e+06	-1.229	0.413	1.432	1.678	1.785	1.924	2.230	2.304	2.379
	0.0001	9.33e+06	-1.192	0.441	1.458	1.702	1.809	1.948	2.252	2.325	2.399
	0.0001	9.55e+06	-1.154	0.470	1.484	1.728	1.834	1.972	2.275	2.347	2.421
	0.0001	9.77e+06	-1.115	0.500	1.511	1.754	1.859	1.997	2.298	2.369	2.442
	0.0001	1.00e+07	-1.076	0.532	1.541	1.783	1.888	2.026	2.325	2.394	2.467
	0.0001	1.02e+07	-1.033	0.570	1.575	1.817	1.922	2.059	2.356	2.424	2.496
	0.0001	1.05e+07	-0.989	0.607	1.609	1.850	1.954	2.090	2.386	2.452	2.523
	0.0001	1.07e+07	-0.947	0.643	1.643	1.883	1.988	2.124	2.421	2.488	2.560
	0.0001	1.10e+07	-0.915	0.662	1.658	1.896	2.000	2.135	2.429	2.496	2.567
	0.0001	1.12e+07	-0.883	0.681	1.672	1.908	2.011	2.145	2.436	2.502	2.572
	0.0001	1.15e+07	-0.852	0.699	1.685	1.921	2.022	2.155	2.444	2.508	2.577
	0.0001	1.17e+07	-0.821	0.718	1.699	1.932	2.033	2.164	2.450	2.512	2.580
	0.0001	1.20e+07	-0.790	0.737	1.713	1.944	2.044	2.174	2.456	2.516	2.584
	0.0001	1.23e+07	-0.757	0.757	1.727	1.957	2.056	2.184	2.464	2.522	2.589
	0.0001	1.26e+07	-0.725	0.778	1.742	1.970	2.067	2.194	2.470	2.526	2.591
	0.0001	1.29e+07	-0.693	0.798	1.756	1.982	2.078	2.204	2.476	2.531	2.595
	0.0001	1.32e+07	-0.660	0.819	1.771	1.995	2.090	2.214	2.482	2.535	2.598
	0.0001	1.35e+07	-0.626	0.840	1.786	2.008	2.101	2.224	2.488	2.538	2.599
	0.0001	1.38e+07	-0.591	0.863	1.802	2.022	2.114	2.235	2.496	2.544	2.605
	0.0001	1.41e+07	-0.557	0.885	1.817	2.035	2.126	2.244	2.501	2.546	2.605
	0.0001	1.45e+07	-0.521	0.913	1.842	2.058	2.148	2.265	2.518	2.560	2.619
	0.0001	1.48e+07	-0.482	0.944	1.866	2.080	2.169	2.284	2.533	2.573	2.630
	0.0001	1.51e+07	-0.442	0.976	1.893	2.104	2.192	2.305	2.549	2.584	2.640
	0.0001	1.55e+07	-0.407	1.005	1.918	2.129	2.217	2.331	2.578	2.618	2.675
	0.0001	1.58e+07	-0.378	1.025	1.932	2.142	2.229	2.342	2.586	2.624	2.680
	0.0001	1.62e+07	-0.349	1.045	1.946	2.154	2.240	2.352	2.593	2.630	2.685
	0.0001	1.66e+07	-0.319	1.064	1.960	2.166	2.252	2.362	2.600	2.635	2.689
	0.0001	1.70e+07	-0.289	1.085	1.974	2.179	2.263	2.372	2.607	2.640	2.694
	0.0001	1.74e+07	-0.258	1.105	1.989	2.191	2.274	2.381	2.613	2.645	2.697
	0.0001	1.78e+07	-0.228	1.125	2.002	2.203	2.285	2.391	2.620	2.649	2.701
	0.0001	1.82e+07	-0.198	1.144	2.016	2.215	2.295	2.400	2.625	2.653	2.703
	0.0001	1.86e+07	-0.167	1.165	2.030	2.227	2.306	2.409	2.631	2.657	2.706
	0.0001	1.91e+07	-0.137	1.185	2.043	2.238	2.316	2.417	2.636	2.660	2.708
	0.0001	1.95e+07	-0.106	1.205	2.057	2.249	2.326	2.426	2.641	2.663	2.710
	0.0001	2.00e+07	-0.074	1.229	2.078	2.269	2.345	2.443	2.656	2.676	2.722
	0.0001	2.04e+07	-0.040	1.258	2.103	2.293	2.368	2.465	2.675	2.693	2.738
	0.0001	2.09e+07	-0.005	1.287	2.126	2.315	2.389	2.485	2.692	2.707	2.752
	0.0001	2.14e+07	0.027	1.312	2.147	2.334	2.409	2.506	2.716	2.739	2.786
	0.0001	2.19e+07	0.055	1.330	2.160	2.346	2.420	2.515	2.722	2.744	2.790
	0.0001	2.24e+07	0.082	1.348	2.173	2.357	2.430	2.523	2.728	2.748	2.793
	0.0001	2.29e+07	0.110	1.366	2.186	2.368	2.440	2.532	2.733	2.751	2.795
	0.0001	2.34e+07	0.138	1.385	2.199	2.379	2.450	2.541	2.738	2.754	2.797
	0.0001	2.40e+07	0.166	1.403	2.212	2.391	2.460	2.549	2.744	2.757	2.800
	0.0001	2.45e+07	0.194	1.421	2.224	2.402	2.470	2.558	2.748	2.760	2.801
	0.0001	2.51e+07	0.222	1.439	2.237	2.413	2.480	2.566	2.754	2.763	2.803
	0.0001	2.57e+07	0.250	1.457	2.250	2.423	2.490	2.574	2.758	2.764	2.804
	0.0001	2.63e+07	0.277	1.475	2.263	2.435	2.500	2.582	2.762	2.766	2.805
	0.0001	2.69e+07	0.305	1.493	2.275	2.446	2.509	2.590	2.767	2.768	2.805
	0.0001	2.75e+07	0.334	1.511	2.289	2.457	2.520	2.599	2.771	2.770	2.806
	0.0001	2.82e+07	0.362	1.529	2.301	2.468	2.529	2.607	2.775	2.771	2.806
	0.0001	2.88e+07	0.390	1.548	2.315	2.479	2.540	2.615	2.780	2.772	2.806
	0.0001	2.95e+07	0.420	1.566	2.328	2.491	2.550	2.624	2.784	2.773	2.806
	0.0001	3.02e+07	0.449	1.585	2.342	2.503	2.560	2.632	2.788	2.773	2.805
	0.0001	3.09e+07	0.478	1.604	2.355	2.515	2.571	2.641	2.792	2.773	2.804
	0.0001	3.16e+07	0.508	1.626	2.374	2.531	2.587	2.656	2.803	2.780	2.809
	0.0001	3.24e+07	0.539	1.652	2.395	2.551	2.606	2.672	2.815	2.787	2.815
	0.0001	3.31e+07	0.572	1.676	2.414	2.569	2.622	2.687	2.824	2.791	2.818
	0.0001	3.39e+07	0.603	1.701	2.435	2.589	2.642	2.706	2.844	2.813	2.839
	0.0001	3.47e+07	0.629	1.718	2.448	2.600	2.651	2.714	2.848	2.813	2.838
	0.0001	3.55e+07	0.656	1.735	2.460	2.611	2.662	2.723	2.853	2.815	2.839
	0.0001	3.63e+07	0.682	1.753	2.473	2.622	2.671	2.731	2.856	2.815	2.838
	0.0001	3.72e+07	0.708	1.770	2.486	2.633	2.681	2.739	2.861	2.817	2.839
	0.0001	3.80e+07	0.735	1.788	2.499	2.644	2.692	2.748	2.866	2.818	2.840
	0.0001	3.89e+07	0.761	1.805	2.512	2.655	2.701	2.755	2.869	2.818	2.839
	0.0001	3.98e+07	0.788	1.823	2.525	2.667	2.712	2.764	2.874	2.821	2.840
	0.0001	4.07e+07	0.814	1.841	2.538	2.678	2.722	2.773	2.878	2.821	2.840
	0.0001	4.17e+07	0.840	1.858	2.551	2.690	2.732	2.781	2.882	2.822	2.840
	0.0001	4.27e+07	0.867	1.876	2.564	2.701	2.742	2.789	2.887	2.823	2.840
	0.0001	4.37e+07	0.893	1.893	2.577	2.712	2.752	2.797	2.891	2.824	2.840
	0.0001	4.47e+07	0.919	1.911	2.590	2.724	2.762	2.806	2.895	2.826	2.840
	0.0001	4.57e+07	0.946	1.929	2.603	2.735	2.773	2.814	2.900	2.827	2.840
	0.0001	4.68e+07	0.973	1.947	2.617	2.747	2.783	2.823	2.905	2.828	2.841
	0.0001	4.79e+07	1.000	1.966	2.630	2.759	2.794	2.832	2.910	2.830	2.842
	0.0001	4.90e+07	1.028	1.988	2.649	2.776	2.810	2.847	2.920	2.836	2.847
	0.0001	5.01e+07	1.057	2.009	2.666	2.791	2.824	2.858	2.927	2.839	2.849
	0.0001	5.13e+07	1.085	2.030	2.681	2.805	2.836	2.868	2.932	2.841	2.849
	0.0001	5.25e+07	1.114	2.052	2.698	2.821	2.852	2.885	2.950	2.862	2.870
	0.0001	5.37e+07	1.139	2.067	2.709	2.829	2.859	2.890	2.952	2.861	2.869
	0.0001	5.50e+07	1.164	2.084	2.719	2.838	2.867	2.896	2.954	2.861	2.868
	0.0001	5.62e+07	1.189	2.100	2.730	2.847	2.875	2.902	2.955	2.860	2.866
	0.0001	5.75e+07	1.214	2.116	2.741	2.856	2.882	2.908	2.957	2.859	2.865
	0.0001	5.89e+07	1.240	2.133	2.752	2.865	2.890	2.914	2.960	2.859	2.864
	0.0001	6.03e+07	1.265	2.150	2.763	2.874	2.898	2.920	2.961	2.858	2.862
	0.0001	6.17e+07	1.290	2.166	2.775	2.884	2.906	2.926	2.964	2.858	2.862
	0.0001	6.31e+07	1.316	2.183	2.786	2.893	2.914	2.932	2.965	2.857	2.859
	0.0001	6.46e+07	1.341	2.200	2.797	2.902	2.922	2.938	2.967	2.856	2.858
	0.0001	6.61e+07	1.367	2.217	2.809	2.912	2.930	2.944	2.969	2.855	2.856
	0.0001	6.76e+07	1.392	2.234	2.820	2.921	2.937	2.950	2.971	2.854	2.854
	0.0001	6.92e+07	1.417	2.251	2.831	2.930	2.945	2.955	2.972	2.852	2.852
	0.0001	7.08e+07	1.441	2.267	2.842	2.939	2.954	2.963	2.977	2.857	2.856
	0.0001	7.24e+07	1.465	2.282	2.851	2.947	2.959	2.965	2.975	2.851	2.848
	0.0001	7.41e+07	1.489	2.297	2.861	2.954	2.964	2.968	2.972	2.844	2.841
	0.0001	7.59e+07	1.512	2.313	2.871	2.961	2.970	2.971	2.969	2.837	2.833
	0.0001	7.76e+07	1.536	2.328	2.881	2.969	2.975	2.973	2.966	2.829	2.823
	0.0001	7.94e+07	1.560	2.344	2.891	2.977	2.981	2.976	2.963	2.822	2.816
	0.0001	8.13e+07	1.584	2.360	2.902	2.985	2.987	2.979	2.960	2.815	2.807
	0.0001	8.32e+07	1.608	2.376	2.913	2.992	2.993	2.982	2.957	2.807	2.798
	0.0001	8.51e+07	1.632	2.392	2.923	3.001	2.998	2.985	2.953	2.799	2.789
	0.0001	8.71e+07	1.656	2.409	2.934	3.009	3.004	2.988	2.950	2.790	2.779
	0.0001	8.91e+07	1.681	2.426	2.946	3.018	3.012	2.992	2.948	2.783	2.771
	0.0001	9.12e+07	1.706	2.446	2.963	3.032	3.023	2.999	2.949	2.778	2.765
	0.0001	9.33e+07	1.732	2.465	2.977	3.042	3.031	3.004	2.945	2.769	2.754
	0.0001	9.55e+07	1.757	2.484	2.990	3.052	3.038	3.007	2.941	2.758	2.742
	0.0001	9.77e+07	1.783	2.503	3.003	3.062	3.045	3.010	2.936	2.747	2.730
	0.0001	1.00e+08	1.502	2.509	2.967	2.866	2.612	2.205	1.273	0.433	0.176
	0.0001	1.02e+08	1.520	2.525	2.977	2.873	2.617	2.208	1.274	0.433	0.175
	0.0001	1.05e+08	1.538	2.542	2.988	2.881	2.622	2.210	1.274	0.433	0.175
	0.0001	1.07e+08	1.557	2.559	2.999	2.889	2.628	2.214	1.276	0.434	0.175
	0.0001	1.10e+08	1.576	2.576	3.011	2.898	2.635	2.220	1.280	0.437	0.178
	0.0001	1.12e+08	1.594	2.594	3.024	2.908	2.642	2.225	1.282	0.438	0.179
	0.0001	1.15e+08	1.613	2.612	3.036	2.916	2.648	2.228	1.282	0.438	0.178
	0.0001	1.17e+08	1.632	2.630	3.048	2.925	2.655	2.233	1.285	0.441	0.180
	0.0001	1.20e+08	1.651	2.649	3.061	2.934	2.662	2.238	1.287	0.442	0.181
	0.0001	1.23e+08	1.677	2.667	3.074	2.948	2.678	2.256	1.311	0.468	0.208
	0.0001	1.26e+08	1.685	2.683	3.083	2.949	2.672	2.242	1.288	0.442	0.181
	0.0001	1.29e+08	1.695	2.700	3.093	2.952	2.667	2.230	1.268	0.419	0.159
	0.0001	1.32e+08	1.704	2.716	3.103	2.955	2.664	2.221	1.250	0.398	0.138
	0.0001	1.35e+08	1.714	2.733	3.113	2.958	2.661	2.211	1.233	0.379	0.119
	0.0001	1.38e+08	1.723	2.750	3.124	2.963	2.659	2.202	1.215	0.358	0.097
	0.0001	1.41e+08	1.732	2.768	3.137	2.969	2.658	2.194	1.199	0.339	0.078
	0.0001	1.45e+08	1.741	2.787	3.150	2.975	2.658	2.187	1.184	0.321	0.059
	0.0001	1.48e+08	1.752	2.806	3.162	2.981	2.658	2.181	1.171	0.305	0.043
	0.0001	1.51e+08	1.760	2.824	3.174	2.986	2.657	2.173	1.155	0.286	0.023
	0.0001	1.55e+08	1.777	2.844	3.189	3.000	2.670	2.185	1.159	0.287	0.022
	0.0001	1.59e+08	1.803	2.860	3.201	3.015	2.689	2.208	1.186	0.315	0.049
	0.0001	1.62e+08	1.824	2.877	3.214	3.028	2.705	2.226	1.202	0.329	0.060
	0.0001	1.66e+08	1.844	2.894	3.226	3.042	2.721	2.243	1.217	0.343	0.070
	0.0001	1.70e+08	1.864	2.911	3.239	3.056	2.737	2.261	1.232	0.356	0.081
	0.0001	1.74e+08	1.885	2.929	3.252	3.069	2.753	2.278	1.247	0.369	0.091
	0.0001	1.78e+08	1.905	2.947	3.266	3.084	2.769	2.294	1.261	0.381	0.100
	0.0001	1.82e+08	1.925	2.965	3.281	3.100	2.786	2.312	1.275	0.392	0.109
	0.0001	1.86e+08	1.946	2.985	3.297	3.116	2.803	2.329	1.290	0.404	0.119
	0.0001	1.91e+08	1.967	3.004	3.312	3.131	2.819	2.345	1.304	0.415	0.128
	0.0001	1.95e+08	1.988	3.024	3.327	3.147	2.835	2.361	1.318	0.427	0.137
	0.0001	2.00e+08	2.009	3.044	3.343	3.162	2.851	2.377	1.331	0.437	0.145
	0.0001	2.04e+08	2.032	3.064	3.359	3.181	2.872	2.399	1.349	0.452	0.157
	0.0001	2.09e+08	2.078	3.076	3.364	3.189	2.890	2.433	1.416	0.535	0.248
	0.0001	2.14e+08	2.119	3.095	3.379	3.207	2.914	2.467	1.471	0.600	0.319
	0.0001	2.19e+08	2.160	3.114	3.395	3.226	2.939	2.502	1.526	0.666	0.390
	0.0001	2.24e+08	2.201	3.134	3.410	3.244	2.964	2.537	1.582	0.734	0.464
	0.0001	2.29e+08	2.242	3.153	3.426	3.263	2.988	2.572	1.637	0.801	0.537
	0.0001	2.34e+08	2.285	3.173	3.442	3.282	3.014	2.608	1.695	0.871	0.614
	0.0001	2.40e+08	2.326	3.193	3.459	3.301	3.039	2.643	1.752	0.942	0.692
	0.0001	2.45e+08	2.368	3.213	3.475	3.321	3.065	2.678	1.809	1.012	0.769
	0.0001	2.51e+08	2.411	3.234	3.493	3.344	3.095	2.719	1.872	1.089	0.852
	0.0001	2.57e+08	2.454	3.257	3.513	3.367	3.123	2.758	1.933	1.164	0.935
	0.0001	2.63e+08	2.498	3.280	3.533	3.389	3.152	2.796	1.995	1.242	1.021
	0.0001	2.69e+08	2.543	3.303	3.553	3.412	3.181	2.835	2.059	1.321	1.109
	0.0001	2.75e+08	2.588	3.326	3.571	3.433	3.209	2.874	2.123	1.402	1.199
	0.0001	2.82e+08	2.634	3.349	3.591	3.456	3.238	2.913	2.189	1.487	1.294
	0.0001	2.88e+08	2.686	3.369	3.608	3.482	3.277	2.972	2.284	1.605	1.420
	0.0001	2.95e+08	2.703	3.385	3.618	3.491	3.284	2.977	2.287	1.606	1.420
	0.0001	3.02e+08	2.719	3.401	3.628	3.499	3.291	2.983	2.289	1.607	1.419
	0.0001	3.09e+08	2.736	3.417	3.638	3.507	3.298	2.988	2.291	1.607	1.418
	0.0001	3.16e+08	2.753	3.434	3.649	3.515	3.305	2.993	2.294	1.608	1.419
	0.0001	3.24e+08	2.770	3.451	3.660	3.524	3.312	2.999	2.297	1.610	1.419
	0.0001	3.31e+08	2.787	3.468	3.671	3.533	3.320	3.006	2.302	1.613	1.421
	0.0001	3.39e+08	2.804	3.485	3.682	3.541	3.328	3.012	2.304	1.614	1.420
	0.0001	3.47e+08	2.821	3.502	3.693	3.550	3.336	3.019	2.309	1.617	1.422
	0.0001	3.55e+08	2.838	3.520	3.705	3.560	3.344	3.025	2.312	1.619	1.423
	0.0001	3.63e+08	2.854	3.538	3.716	3.569	3.351	3.031	2.315	1.619	1.422
	0.0001	3.72e+08	2.873	3.556	3.729	3.581	3.363	3.042	2.323	1.626	1.428
	0.0001	3.80e+08	2.891	3.576	3.744	3.593	3.375	3.053	2.330	1.630	1.430
	0.0001	3.89e+08	2.910	3.597	3.760	3.608	3.387	3.063	2.337	1.634	1.433
	0.0001	3.98e+08	2.928	3.619	3.777	3.621	3.398	3.072	2.341	1.637	1.434
	0.0001	4.07e+08	2.947	3.641	3.793	3.634	3.409	3.081	2.347	1.641	1.437
	0.0001	4.17e+08	2.967	3.664	3.810	3.647	3.421	3.090	2.353	1.645	1.440
	0.0001	4.27e+08	2.986	3.689	3.828	3.661	3.432	3.099	2.358	1.649	1.442
	0.0001	4.37e+08	3.025	3.714	3.851	3.689	3.467	3.141	2.408	1.701	1.493
	0.0001	4.47e+08	3.054	3.732	3.864	3.702	3.482	3.160	2.439	1.740	1.535
	0.0001	4.57e+08	3.074	3.751	3.876	3.712	3.492	3.171	2.452	1.755	1.551
	0.0001	4.68e+08	3.095	3.769	3.889	3.724	3.503	3.183	2.467	1.771	1.567
	0.0001	4.79e+08	3.116	3.788	3.902	3.735	3.514	3.194	2.480	1.787	1.583
	0.0001	4.90e+08	3.137	3.807	3.916	3.746	3.526	3.206	2.495	1.803	1.600
	0.0001	5.01e+08	3.159	3.826	3.930	3.760	3.539	3.220	2.511	1.822	1.619
	0.0001	5.13e+08	3.181	3.846	3.945	3.774	3.554	3.237	2.530	1.842	1.639
	0.0001	5.25e+08	3.203	3.867	3.962	3.789	3.569	3.251	2.546	1.859	1.656
	0.0001	5.37e+08	3.227	3.890	3.981	3.806	3.585	3.268	2.565	1.880	1.677
	0.0001	5.50e+08	3.250	3.913	4.000	3.822	3.600	3.283	2.581	1.897	1.694
	0.0001	5.62e+08	3.273	3.937	4.020	3.839	3.615	3.297	2.596	1.913	1.711
	0.0001	5.76e+08	3.298	3.961	4.041	3.856	3.632	3.313	2.614	1.933	1.731
	0.0001	5.89e+08	3.321	3.987	4.063	3.875	3.648	3.328	2.630	1.949	1.748
	0.0001	6.03e+08	3.368	4.013	4.089	3.905	3.686	3.376	2.694	2.024	1.824
	0.0001	6.17e+08	3.391	4.032	4.105	3.918	3.697	3.388	2.714	2.052	1.857
	0.0001	6.31e+08	3.412	4.051	4.121	3.932	3.711	3.402	2.731	2.071	1.876
	0.0001	6.46e+08	3.433	4.071	4.138	3.947	3.725	3.417	2.747	2.089	1.894
	0.0001	6.61e+08	3.453	4.090	4.155	3.961	3.739	3.430	2.762	2.105	1.910
	0.0001	6.76e+08	3.474	4.110	4.173	3.977	3.754	3.445	2.778	2.122	1.927
	0.0001	6.92e+08	3.494	4.130	4.191	3.992	3.768	3.459	2.792	2.137	1.942
	0.0001	7.08e+08	3.517	4.152	4.211	4.009	3.784	3.475	2.811	2.156	1.962
	0.0001	7.25e+08	3.538	4.173	4.231	4.027	3.800	3.490	2.825	2.170	1.975
	0.0001	7.41e+08	3.561	4.196	4.252	4.045	3.818	3.507	2.844	2.191	1.995
	0.0001	7.59e+08	3.583	4.218	4.272	4.063	3.834	3.523	2.860	2.207	2.011
	0.0001	7.76e+08	3.605	4.239	4.292	4.081	3.851	3.539	2.877	2.225	2.029
	0.0001	7.94e+08	3.639	4.258	4.311	4.101	3.876	3.570	2.922	2.279	2.087
	0.0001	8.13e+08	3.657	4.275	4.325	4.114	3.888	3.582	2.936	2.296	2.104
	0.0001	8.32e+08	3.674	4.292	4.340	4.126	3.900	3.594	2.948	2.309	2.117
	0.0001	8.51e+08	3.693	4.309	4.354	4.139	3.912	3.606	2.963	2.325	2.134
	0.0001	8.71e+08	3.711	4.325	4.369	4.151	3.924	3.618	2.976	2.341	2.150
	0.0001	8.91e+08	3.728	4.341	4.382	4.162	3.934	3.628	2.989	2.356	2.166
	0.0001	9.12e+08	3.738	4.355	4.393	4.167	3.935	3.627	2.987	2.357	2.171
	0.0001	9.33e+08	3.749	4.365	4.400	4.171	3.938	3.630	2.993	2.365	2.181
	0.0001	9.55e+08	3.758	4.369	4.399	4.170	3.938	3.633	3.002	2.379	2.194
	0.0001	9.77e+08	3.770	4.378	4.402	4.174	3.945	3.642	3.014	2.392	2.207
	0.0001	1.00e+09	3.777	4.387	4.409	4.175	3.943	3.638	3.012	2.393	2.209
	0.0001	1.02e+09	3.784	4.395	4.414	4.176	3.941	3.635	3.011	2.394	2.211
	0.0001	1.05e+09	3.790	4.404	4.422	4.177	3.938	3.628	3.005	2.391	2.209
	0.0001	1.07e+09	3.785	4.421	4.440	4.177	3.926	3.605	2.970	2.351	2.170
	0.0001	1.10e+09	3.513	4.424	4.417	4.016	3.653	3.227	2.469	1.793	1.623
	0.0001	1.12e+09	3.900	4.559	4.590	4.300	4.030	3.696	3.057	2.443	2.268
	0.0001	1.15e+09	3.912	4.578	4.609	4.312	4.039	3.701	3.060	2.443	2.268
	0.0001	1.18e+09	3.922	4.594	4.626	4.321	4.042	3.700	3.057	2.439	2.264
	0.0001	1.20e+09	3.904	4.620	4.650	4.324	4.029	3.670	2.999	2.364	2.185
	0.0001	1.23e+09	3.931	4.650	4.681	4.347	4.047	3.686	3.018	2.388	2.211
	0.0001	1.26e+09	3.961	4.684	4.715	4.374	4.069	3.705	3.042	2.417	2.244
	0.0001	1.29e+09	4.001	4.724	4.757	4.410	4.103	3.737	3.078	2.457	2.287
	0.0001	1.32e+09	4.042	4.766	4.801	4.448	4.138	3.772	3.116	2.500	2.333
	0.0001	1.35e+09	4.139	4.805	4.845	4.505	4.209	3.861	3.252	2.676	2.527
	0.0001	1.38e+09	4.177	4.828	4.868	4.524	4.228	3.884	3.295	2.740	2.607
	0.0001	1.41e+09	4.213	4.850	4.890	4.543	4.246	3.905	3.335	2.799	2.679
	0.0001	1.45e+09	4.249	4.873	4.913	4.562	4.265	3.927	3.375	2.860	2.752
	0.0001	1.48e+09	4.280	4.892	4.932	4.578	4.282	3.948	3.411	2.915	2.817
	0.0001	1.51e+09	4.307	4.909	4.948	4.591	4.295	3.963	3.441	2.961	2.871
	0.0001	1.55e+09	4.331	4.924	4.963	4.602	4.306	3.976	3.466	2.999	2.916
	0.0001	1.59e+09	4.348	4.935	4.972	4.604	4.305	3.976	3.479	3.029	2.958
	0.0001	1.62e+09	4.368	4.957	4.993	4.622	4.322	3.992	3.495	3.046	2.974
	0.0001	1.66e+09	4.389	4.979	5.014	4.640	4.339	4.008	3.511	3.064	2.992
	0.0001	1.70e+09	4.408	5.001	5.036	4.657	4.354	4.023	3.525	3.078	3.005
	0.0001	1.74e+09	4.428	5.024	5.058	4.676	4.371	4.038	3.540	3.093	3.018
	0.0001	1.78e+09	4.448	5.048	5.082	4.695	4.388	4.053	3.554	3.106	3.031
	0.0001	1.82e+09	4.470	5.073	5.107	4.716	4.407	4.071	3.571	3.122	3.047
	0.0001	1.86e+09	4.493	5.099	5.131	4.738	4.428	4.091	3.591	3.143	3.067
	0.0001	1.91e+09	4.514	5.123	5.156	4.762	4.451	4.114	3.609	3.154	3.072
	0.0001	1.95e+09	4.541	5.146	5.178	4.786	4.476	4.139	3.637	3.185	3.105
	0.0001	2.00e+09	4.559	5.164	5.197	4.802	4.491	4.154	3.652	3.202	3.124
	0.0001	2.04e+09	4.577	5.181	5.214	4.818	4.507	4.169	3.668	3.219	3.142
	0.0001	2.09e+09	4.591	5.196	5.230	4.832	4.520	4.182	3.681	3.233	3.158
	0.0001	2.14e+09	4.610	5.215	5.248	4.849	4.535	4.196	3.695	3.247	3.173
	0.0001	2.19e+09	4.630	5.238	5.271	4.869	4.553	4.213	3.712	3.264	3.190
	0.0001	2.24e+09	4.653	5.263	5.296	4.891	4.574	4.233	3.731	3.283	3.210
	0.0001	2.29e+09	4.678	5.292	5.324	4.916	4.598	4.255	3.753	3.305	3.232
	0.0001	2.34e+09	4.721	5.320	5.351	4.943	4.627	4.288	3.799	3.369	3.306
	0.0001	2.40e+09	4.739	5.342	5.372	4.961	4.644	4.304	3.813	3.381	3.317
	0.0001	2.46e+09	4.768	5.369	5.400	4.989	4.671	4.332	3.841	3.409	3.345
	0.0001	2.51e+09	4.787	5.390	5.420	5.008	4.689	4.349	3.857	3.424	3.359
	0.0001	2.57e+09	4.803	5.410	5.440	5.025	4.705	4.363	3.868	3.433	3.368
	0.0001	2.63e+09	4.823	5.432	5.462	5.044	4.723	4.380	3.885	3.449	3.383
	0.0001	2.69e+09	4.840	5.452	5.482	5.062	4.739	4.394	3.896	3.457	3.390
	0.0001	2.75e+09	4.858	5.473	5.503	5.080	4.756	4.410	3.911	3.471	3.404
	0.0001	2.82e+09	4.875	5.495	5.524	5.098	4.772	4.424	3.922	3.479	3.410
	0.0001	2.88e+09	4.896	5.519	5.548	5.120	4.792	4.443	3.939	3.494	3.423
	0.0001	2.95e+09	4.917	5.540	5.569	5.140	4.811	4.462	3.958	3.514	3.445
	0.0001	3.02e+09	4.936	5.561	5.590	5.157	4.828	4.477	3.973	3.529	3.459
	0.0001	3.09e+09	4.956	5.582	5.612	5.177	4.846	4.495	3.990	3.547	3.478
	0.0001	3.16e+09	4.974	5.603	5.633	5.194	4.862	4.509	4.003	3.558	3.489
	0.0001	3.24e+09	4.994	5.624	5.654	5.214	4.880	4.526	4.019	3.575	3.506
	0.0001	3.31e+09	5.011	5.646	5.676	5.232	4.896	4.541	4.032	3.586	3.517
	0.0001	3.39e+09	5.029	5.667	5.698	5.250	4.912	4.555	4.044	3.598	3.528
	0.0001	3.47e+09	5.048	5.689	5.720	5.269	4.929	4.571	4.059	3.611	3.542
	0.0001	3.55e+09	5.068	5.711	5.743	5.289	4.947	4.588	4.075	3.626	3.557
	0.0001	3.63e+09	5.085	5.734	5.766	5.308	4.963	4.602	4.086	3.636	3.566
	0.0001	3.72e+09	5.107	5.759	5.792	5.330	4.984	4.621	4.104	3.652	3.582
	0.0001	3.80e+09	5.123	5.778	5.813	5.349	5.000	4.635	4.116	3.665	3.597
	0.0001	3.89e+09	5.140	5.798	5.835	5.367	5.016	4.650	4.130	3.678	3.610
	0.0001	3.98e+09	5.159	5.819	5.856	5.385	5.033	4.665	4.144	3.692	3.625
	0.0001	4.07e+09	5.177	5.841	5.879	5.404	5.050	4.681	4.158	3.704	3.637
	0.0001	4.17e+09	5.199	5.865	5.904	5.426	5.070	4.699	4.175	3.721	3.654
	0.0001	4.27e+09	5.220	5.889	5.929	5.448	5.091	4.719	4.194	3.739	3.672
	0.0001	4.37e+09	5.249	5.915	5.958	5.476	5.118	4.746	4.222	3.768	3.701
	0.0001	4.47e+09	5.266	5.935	5.979	5.494	5.134	4.761	4.235	3.781	3.714
	0.0001	4.57e+09	5.284	5.955	6.001	5.513	5.151	4.776	4.250	3.795	3.728
	0.0001	4.68e+09	5.304	5.978	6.025	5.533	5.170	4.793	4.266	3.810	3.744
	0.0001	4.79e+09	5.322	5.999	6.047	5.552	5.187	4.809	4.281	3.825	3.758
	0.0001	4.90e+09	5.359	6.030	6.079	5.583	5.218	4.842	4.318	3.868	3.803
	0.0001	5.01e+09	5.374	6.050	6.100	5.600	5.232	4.854	4.329	3.877	3.813
	0.0001	5.13e+09	5.393	6.070	6.121	5.618	5.249	4.870	4.346	3.897	3.833
	0.0001	5.25e+09	5.414	6.090	6.143	5.637	5.268	4.889	4.365	3.918	3.854
	0.0001	5.37e+09	5.433	6.111	6.165	5.657	5.285	4.905	4.381	3.934	3.871
	0.0001	5.50e+09	5.452	6.133	6.188	5.676	5.303	4.921	4.396	3.949	3.885
	0.0001	5.62e+09	5.468	6.154	6.210	5.694	5.319	4.935	4.409	3.960	3.897
	0.0001	5.76e+09	5.487	6.176	6.233	5.714	5.336	4.951	4.423	3.974	3.911
	0.0001	5.89e+09	5.507	6.198	6.256	5.734	5.355	4.970	4.442	3.994	3.931
	0.0001	6.03e+09	5.535	6.225	6.285	5.762	5.382	4.996	4.468	4.020	3.957
	0.0001	6.17e+09	5.548	6.245	6.305	5.778	5.396	5.008	4.477	4.028	3.964
	0.0001	6.31e+09	5.568	6.267	6.328	5.798	5.415	5.025	4.494	4.045	3.981
	0.0001	6.46e+09	5.587	6.290	6.353	5.819	5.433	5.042	4.508	4.058	3.995
	0.0001	6.61e+09	5.607	6.313	6.376	5.839	5.452	5.060	4.526	4.075	4.011
	0.0001	6.76e+09	5.620	6.325	6.387	5.848	5.461	5.070	4.540	4.095	4.033
	0.0001	6.92e+09	5.635	6.335	6.396	5.858	5.472	5.084	4.559	4.121	4.059
	0.0001	7.08e+09	5.660	6.350	6.414	5.879	5.496	5.109	4.588	4.153	4.092
	0.0001	7.25e+09	5.676	6.359	6.423	5.893	5.511	5.126	4.607	4.174	4.113
	0.0001	7.41e+09	5.698	6.376	6.442	5.914	5.534	5.150	4.631	4.198	4.138
	0.0001	7.59e+09	5.717	6.393	6.460	5.934	5.554	5.170	4.651	4.218	4.157
	0.0001	7.76e+09	5.734	6.411	6.481	5.954	5.572	5.187	4.667	4.233	4.172
	0.0001	7.94e+09	5.755	6.434	6.509	5.979	5.595	5.209	4.687	4.252	4.191
	0.0001	8.13e+09	5.774	6.458	6.535	6.001	5.615	5.227	4.704	4.267	4.206
	0.0001	8.32e+09	5.792	6.482	6.562	6.023	5.635	5.245	4.720	4.282	4.221
	0.0001	8.51e+09	5.815	6.511	6.592	6.049	5.659	5.267	4.741	4.302	4.241
	0.0001	8.71e+09	5.835	6.537	6.618	6.071	5.679	5.286	4.758	4.319	4.257
	0.0001	8.91e+09	5.859	6.564	6.645	6.095	5.703	5.308	4.779	4.340	4.278
	0.0001	9.12e+09	5.883	6.591	6.672	6.119	5.725	5.329	4.799	4.359	4.297
	0.0001	9.33e+09	5.928	6.642	6.718	6.159	5.762	5.364	4.831	4.390	4.327
	0.0001	9.55e+09	5.946	6.662	6.737	6.177	5.779	5.381	4.847	4.405	4.342
	0.0001	9.77e+09	5.965	6.683	6.757	6.197	5.798	5.399	4.865	4.422	4.359
	0.0001	1.00e+10	5.987	6.706	6.779	6.219	5.820	5.421	4.886	4.443	4.380
	0.0001	1.02e+10	6.004	6.726	6.799	6.236	5.837	5.437	4.900	4.457	4.394
	0.0001	1.05e+10	6.024	6.749	6.820	6.257	5.857	5.457	4.920	4.476	4.412
	0.0001	1.07e+10	6.040	6.770	6.839	6.274	5.873	5.472	4.933	4.488	4.424
	0.0001	1.10e+10	6.060	6.793	6.861	6.295	5.894	5.491	4.952	4.507	4.442
	0.0001	1.12e+10	6.043	6.775	6.838	6.276	5.876	5.475	4.936	4.491	4.427
	0.0001	1.15e+10	6.061	6.794	6.856	6.294	5.894	5.493	4.953	4.508	4.444
	0.0001	1.18e+10	6.077	6.812	6.871	6.310	5.910	5.509	4.969	4.523	4.459
	0.0001	1.20e+10	6.096	6.831	6.889	6.330	5.930	5.529	4.988	4.543	4.478
	0.0001	1.23e+10	6.110	6.850	6.904	6.345	5.944	5.542	5.001	4.553	4.488
	0.0001	1.26e+10	6.129	6.870	6.923	6.364	5.964	5.562	5.019	4.571	4.506
	0.0001	1.29e+10	6.149	6.890	6.942	6.384	5.985	5.582	5.039	4.592	4.526
	0.0001	1.32e+10	6.168	6.911	6.961	6.405	6.005	5.602	5.058	4.610	4.544
