# File generated by CMD 2.7 (http://stev.oapd.inaf.it/cmd) on Tue Jun 16 10:01:26 CEST 2015
# Basic reference: Marigo et al. (2008, A&A 482, 883) 
# but applying the corrections from Case A in Girardi et al. (2010, ApJ 724, 1030) 
# + Bertelli et al. (1994, A&AS, 106, 275) for the Mi>7.0 Msun interval
# Photometric system: <i>UBVRIJHK</i> (cf. Maiz-Apellaniz 2006 + Bessell 1990)
# Using OBC version of bolometric corrections as detailed in Marigo et al. (2008, A&A 482, 883) and Girardi et al. (2008, PASP 120, 583)
# BCs of Carbon stars derive from Loidl et al. (2001, A&A 342, 531)
# O-rich circumstellar dust ignored
# C-rich circumstellar dust ignored
# IMF: Kroupa (2001, 2002) + Kroupa et al. (2013) canonical two-part-power law IMF corrected for unresolved binaries 
# Kind of output: SSP integrated magnitudes
#	Z	Age		mbol    U       B       V       R       I       J       H       K
	0.0170	3.98e+06	-2.363	-0.946	0.041	0.254	0.341	0.459	0.722	0.783	0.847
	0.0170	4.07e+06	-2.324	-0.925	0.056	0.266	0.351	0.465	0.720	0.777	0.838
	0.0170	4.17e+06	-2.287	-0.908	0.069	0.275	0.358	0.469	0.715	0.766	0.825
	0.0170	4.27e+06	-2.256	-0.892	0.080	0.283	0.363	0.470	0.708	0.753	0.809
	0.0170	4.37e+06	-2.224	-0.878	0.090	0.289	0.366	0.469	0.697	0.736	0.788
	0.0170	4.47e+06	-2.191	-0.865	0.097	0.292	0.366	0.464	0.681	0.713	0.762
	0.0170	4.57e+06	-2.157	-0.855	0.101	0.291	0.361	0.454	0.659	0.683	0.729
	0.0170	4.68e+06	-2.122	-0.848	0.100	0.284	0.348	0.436	0.628	0.642	0.684
	0.0170	4.79e+06	-2.086	-0.845	0.090	0.267	0.326	0.406	0.583	0.587	0.625
	0.0170	4.90e+06	-2.049	-0.844	0.072	0.240	0.292	0.363	0.521	0.515	0.548
	0.0170	5.01e+06	-2.010	-0.846	0.044	0.200	0.243	0.303	0.439	0.419	0.447
	0.0170	5.13e+06	-1.970	-0.844	0.008	0.148	0.181	0.227	0.334	0.299	0.321
	0.0170	5.25e+06	-1.929	-0.839	-0.030	0.088	0.106	0.134	0.202	0.148	0.162
	0.0170	5.37e+06	-1.887	-0.821	-0.054	0.034	0.032	0.033	0.047	-0.034	-0.030
	0.0170	5.50e+06	-1.844	-0.785	-0.049	-0.003	-0.037	-0.073	-0.130	-0.256	-0.266
	0.0170	5.62e+06	-1.797	-0.749	-0.010	0.020	-0.035	-0.096	-0.228	-0.431	-0.459
	0.0170	5.75e+06	-1.737	-0.701	0.099	0.179	0.155	0.125	0.032	-0.180	-0.206
	0.0170	5.89e+06	-1.690	-0.685	0.089	0.162	0.134	0.100	0.003	-0.210	-0.237
	0.0170	6.03e+06	-1.627	-0.631	0.099	0.161	0.125	0.084	-0.026	-0.242	-0.271
	0.0170	6.17e+06	-1.594	-0.616	0.079	0.134	0.094	0.049	-0.067	-0.284	-0.314
	0.0170	6.31e+06	-1.563	-0.596	0.063	0.109	0.066	0.015	-0.110	-0.328	-0.359
	0.0170	6.46e+06	-1.532	-0.569	0.051	0.086	0.038	-0.020	-0.157	-0.377	-0.410
	0.0170	6.61e+06	-1.500	-0.537	0.049	0.068	0.011	-0.057	-0.209	-0.432	-0.467
	0.0170	6.76e+06	-1.467	-0.496	0.054	0.054	-0.012	-0.092	-0.263	-0.492	-0.530
	0.0170	6.92e+06	-1.432	-0.442	0.075	0.050	-0.030	-0.125	-0.321	-0.557	-0.599
	0.0170	7.08e+06	-1.398	-0.378	0.117	0.060	-0.039	-0.154	-0.382	-0.630	-0.676
	0.0170	7.24e+06	-1.363	-0.300	0.186	0.088	-0.039	-0.181	-0.449	-0.714	-0.765
	0.0170	7.41e+06	-1.327	-0.213	0.286	0.131	-0.033	-0.207	-0.519	-0.809	-0.865
	0.0170	7.59e+06	-1.290	-0.120	0.408	0.188	-0.018	-0.229	-0.592	-0.914	-0.975
	0.0170	7.76e+06	-1.251	-0.028	0.540	0.259	0.009	-0.240	-0.661	-1.024	-1.091
	0.0170	7.94e+06	-1.213	0.061	0.673	0.345	0.052	-0.235	-0.722	-1.135	-1.208
	0.0170	8.13e+06	-1.173	0.141	0.800	0.443	0.113	-0.211	-0.773	-1.245	-1.324
	0.0170	8.32e+06	-1.132	0.201	0.909	0.558	0.204	-0.149	-0.784	-1.314	-1.403
	0.0170	8.51e+06	-1.089	0.243	1.001	0.689	0.331	-0.043	-0.746	-1.329	-1.431
	0.0170	8.71e+06	-1.046	0.271	1.052	0.790	0.444	0.062	-0.672	-1.295	-1.409
	0.0170	8.91e+06	-1.006	0.292	1.071	0.830	0.501	0.132	-0.585	-1.206	-1.321
	0.0170	9.12e+06	-0.975	0.312	1.077	0.835	0.512	0.150	-0.554	-1.167	-1.281
	0.0170	9.33e+06	-0.944	0.330	1.081	0.841	0.525	0.169	-0.522	-1.128	-1.242
	0.0170	9.55e+06	-0.913	0.347	1.085	0.848	0.540	0.190	-0.490	-1.090	-1.203
	0.0170	9.77e+06	-0.882	0.365	1.088	0.857	0.556	0.213	-0.457	-1.054	-1.166
	0.0170	1.00e+07	-0.850	0.382	1.091	0.867	0.574	0.238	-0.424	-1.017	-1.130
	0.0170	1.02e+07	-0.816	0.400	1.095	0.880	0.594	0.264	-0.391	-0.982	-1.095
	0.0170	1.05e+07	-0.783	0.418	1.099	0.893	0.616	0.291	-0.359	-0.948	-1.061
	0.0170	1.07e+07	-0.750	0.435	1.103	0.908	0.638	0.319	-0.326	-0.915	-1.027
	0.0170	1.10e+07	-0.716	0.454	1.110	0.924	0.662	0.347	-0.294	-0.883	-0.996
	0.0170	1.12e+07	-0.680	0.475	1.119	0.943	0.687	0.377	-0.262	-0.852	-0.964
	0.0170	1.15e+07	-0.645	0.496	1.131	0.963	0.713	0.406	-0.231	-0.822	-0.935
	0.0170	1.17e+07	-0.608	0.518	1.147	0.986	0.741	0.437	-0.199	-0.792	-0.906
	0.0170	1.20e+07	-0.571	0.543	1.166	1.012	0.771	0.468	-0.169	-0.764	-0.878
	0.0170	1.23e+07	-0.532	0.568	1.197	1.058	0.828	0.531	-0.103	-0.701	-0.815
	0.0170	1.26e+07	-0.490	0.613	1.269	1.148	0.918	0.612	-0.052	-0.677	-0.797
	0.0170	1.29e+07	-0.448	0.648	1.318	1.213	0.994	0.694	0.032	-0.598	-0.720
	0.0170	1.32e+07	-0.415	0.675	1.343	1.239	1.021	0.721	0.061	-0.569	-0.691
	0.0170	1.35e+07	-0.386	0.702	1.367	1.261	1.041	0.738	0.071	-0.563	-0.686
	0.0170	1.38e+07	-0.356	0.728	1.392	1.285	1.062	0.756	0.083	-0.557	-0.680
	0.0170	1.41e+07	-0.326	0.756	1.419	1.309	1.085	0.774	0.095	-0.549	-0.674
	0.0170	1.45e+07	-0.295	0.784	1.445	1.334	1.107	0.793	0.107	-0.541	-0.667
	0.0170	1.48e+07	-0.264	0.813	1.474	1.361	1.131	0.813	0.120	-0.533	-0.659
	0.0170	1.51e+07	-0.232	0.841	1.502	1.388	1.156	0.833	0.134	-0.524	-0.651
	0.0170	1.55e+07	-0.200	0.871	1.531	1.415	1.180	0.854	0.148	-0.515	-0.643
	0.0170	1.58e+07	-0.167	0.901	1.562	1.444	1.206	0.875	0.163	-0.505	-0.634
	0.0170	1.62e+07	-0.133	0.933	1.594	1.474	1.234	0.898	0.178	-0.495	-0.625
	0.0170	1.66e+07	-0.099	0.964	1.626	1.505	1.261	0.921	0.194	-0.484	-0.615
	0.0170	1.70e+07	-0.065	0.997	1.660	1.537	1.290	0.945	0.210	-0.473	-0.605
	0.0170	1.74e+07	-0.028	1.030	1.695	1.572	1.323	0.976	0.239	-0.446	-0.577
	0.0170	1.78e+07	0.009	1.056	1.727	1.612	1.371	1.032	0.305	-0.376	-0.507
	0.0170	1.82e+07	0.048	1.086	1.767	1.668	1.433	1.096	0.365	-0.323	-0.455
	0.0170	1.86e+07	0.081	1.106	1.785	1.691	1.463	1.135	0.417	-0.265	-0.395
	0.0170	1.91e+07	0.110	1.127	1.802	1.707	1.480	1.152	0.437	-0.244	-0.374
	0.0170	1.95e+07	0.138	1.148	1.818	1.724	1.497	1.171	0.457	-0.223	-0.353
	0.0170	2.00e+07	0.168	1.170	1.835	1.741	1.514	1.189	0.477	-0.202	-0.332
	0.0170	2.04e+07	0.197	1.192	1.852	1.757	1.531	1.207	0.497	-0.181	-0.311
	0.0170	2.09e+07	0.226	1.213	1.869	1.774	1.548	1.225	0.517	-0.160	-0.289
	0.0170	2.14e+07	0.255	1.234	1.886	1.791	1.565	1.243	0.537	-0.139	-0.268
	0.0170	2.19e+07	0.285	1.257	1.903	1.807	1.582	1.261	0.557	-0.119	-0.247
	0.0170	2.24e+07	0.315	1.279	1.921	1.825	1.600	1.279	0.577	-0.098	-0.225
	0.0170	2.29e+07	0.345	1.302	1.939	1.842	1.617	1.297	0.597	-0.077	-0.205
	0.0170	2.34e+07	0.375	1.325	1.957	1.859	1.635	1.316	0.617	-0.056	-0.184
	0.0170	2.40e+07	0.406	1.348	1.975	1.877	1.652	1.334	0.637	-0.035	-0.162
	0.0170	2.45e+07	0.436	1.371	1.993	1.894	1.670	1.352	0.657	-0.014	-0.141
	0.0170	2.51e+07	0.467	1.395	2.012	1.912	1.688	1.371	0.677	0.007	-0.120
	0.0170	2.57e+07	0.498	1.419	2.031	1.930	1.706	1.390	0.697	0.027	-0.099
	0.0170	2.63e+07	0.530	1.443	2.050	1.949	1.724	1.408	0.718	0.048	-0.078
	0.0170	2.69e+07	0.561	1.468	2.069	1.967	1.743	1.427	0.738	0.069	-0.056
	0.0170	2.75e+07	0.593	1.493	2.089	1.986	1.761	1.446	0.758	0.090	-0.035
	0.0170	2.82e+07	0.626	1.519	2.110	2.005	1.780	1.465	0.779	0.111	-0.014
	0.0170	2.88e+07	0.659	1.546	2.131	2.025	1.800	1.485	0.799	0.132	0.008
	0.0170	2.95e+07	0.693	1.574	2.154	2.046	1.820	1.505	0.820	0.153	0.029
	0.0170	3.02e+07	0.727	1.603	2.177	2.068	1.841	1.525	0.840	0.174	0.050
	0.0170	3.09e+07	0.768	1.624	2.197	2.098	1.885	1.588	0.932	0.282	0.162
	0.0170	3.16e+07	0.808	1.649	2.227	2.140	1.937	1.649	1.005	0.357	0.237
	0.0170	3.24e+07	0.845	1.667	2.244	2.169	1.979	1.707	1.086	0.450	0.331
	0.0170	3.31e+07	0.871	1.683	2.252	2.176	1.987	1.719	1.108	0.478	0.361
	0.0170	3.39e+07	0.896	1.699	2.260	2.182	1.995	1.731	1.130	0.506	0.391
	0.0170	3.47e+07	0.922	1.715	2.268	2.189	2.004	1.743	1.151	0.534	0.420
	0.0170	3.55e+07	0.948	1.731	2.276	2.196	2.013	1.756	1.173	0.562	0.449
	0.0170	3.63e+07	0.973	1.747	2.285	2.204	2.023	1.770	1.196	0.592	0.480
	0.0170	3.72e+07	1.000	1.763	2.294	2.212	2.033	1.784	1.218	0.620	0.510
	0.0170	3.80e+07	1.026	1.780	2.303	2.221	2.043	1.798	1.241	0.649	0.539
	0.0170	3.89e+07	1.051	1.795	2.312	2.229	2.054	1.812	1.264	0.678	0.570
	0.0170	3.98e+07	1.077	1.811	2.321	2.238	2.065	1.827	1.286	0.707	0.600
	0.0170	4.07e+07	1.103	1.828	2.330	2.248	2.076	1.842	1.310	0.737	0.631
	0.0170	4.17e+07	1.129	1.844	2.340	2.257	2.088	1.857	1.333	0.766	0.662
	0.0170	4.27e+07	1.156	1.860	2.349	2.267	2.100	1.873	1.357	0.796	0.693
	0.0170	4.37e+07	1.182	1.877	2.359	2.277	2.112	1.889	1.381	0.826	0.725
	0.0170	4.47e+07	1.209	1.893	2.369	2.287	2.124	1.905	1.405	0.857	0.757
	0.0170	4.57e+07	1.235	1.910	2.379	2.298	2.137	1.921	1.430	0.888	0.789
	0.0170	4.68e+07	1.262	1.927	2.390	2.309	2.150	1.938	1.455	0.919	0.822
	0.0170	4.79e+07	1.289	1.944	2.400	2.320	2.164	1.955	1.480	0.951	0.855
	0.0170	4.90e+07	1.316	1.960	2.411	2.331	2.177	1.972	1.505	0.983	0.888
	0.0170	5.01e+07	1.343	1.977	2.421	2.342	2.191	1.990	1.531	1.016	0.922
	0.0170	5.13e+07	1.370	1.994	2.432	2.354	2.205	2.007	1.557	1.048	0.956
	0.0170	5.25e+07	1.398	2.011	2.444	2.366	2.219	2.026	1.584	1.083	0.993
	0.0170	5.37e+07	1.426	2.030	2.457	2.380	2.234	2.044	1.610	1.114	1.026
	0.0170	5.50e+07	1.454	2.053	2.477	2.397	2.251	2.061	1.632	1.142	1.055
	0.0170	5.62e+07	1.483	2.077	2.497	2.414	2.266	2.077	1.651	1.166	1.080
	0.0170	5.75e+07	1.511	2.100	2.517	2.430	2.281	2.090	1.664	1.181	1.096
	0.0170	5.89e+07	1.538	2.123	2.537	2.446	2.295	2.103	1.678	1.197	1.112
	0.0170	6.03e+07	1.566	2.146	2.557	2.463	2.309	2.116	1.692	1.213	1.129
	0.0170	6.17e+07	1.593	2.169	2.577	2.479	2.324	2.130	1.706	1.228	1.145
	0.0170	6.31e+07	1.620	2.192	2.596	2.495	2.338	2.143	1.720	1.244	1.161
	0.0170	6.46e+07	1.648	2.214	2.615	2.511	2.353	2.157	1.734	1.259	1.177
	0.0170	6.61e+07	1.675	2.237	2.634	2.528	2.368	2.171	1.748	1.275	1.193
	0.0170	6.76e+07	1.703	2.260	2.653	2.544	2.383	2.186	1.762	1.291	1.209
	0.0170	6.92e+07	1.730	2.284	2.673	2.561	2.399	2.201	1.777	1.306	1.225
	0.0170	7.08e+07	1.759	2.308	2.692	2.578	2.415	2.216	1.792	1.322	1.241
	0.0170	7.24e+07	1.788	2.331	2.711	2.597	2.434	2.236	1.816	1.350	1.270
	0.0170	7.41e+07	1.816	2.352	2.728	2.614	2.452	2.256	1.841	1.380	1.301
	0.0170	7.59e+07	1.846	2.377	2.753	2.638	2.475	2.278	1.861	1.398	1.319
	0.0170	7.76e+07	1.876	2.403	2.776	2.662	2.499	2.302	1.884	1.420	1.341
	0.0170	7.94e+07	1.905	2.426	2.795	2.680	2.518	2.322	1.908	1.448	1.371
	0.0170	8.13e+07	1.931	2.448	2.813	2.696	2.533	2.336	1.922	1.463	1.385
	0.0170	8.32e+07	1.958	2.471	2.831	2.712	2.548	2.350	1.935	1.476	1.399
	0.0170	8.51e+07	1.983	2.493	2.849	2.728	2.562	2.364	1.948	1.490	1.413
	0.0170	8.71e+07	2.009	2.516	2.867	2.744	2.577	2.378	1.962	1.504	1.427
	0.0170	8.91e+07	2.035	2.538	2.885	2.760	2.593	2.392	1.975	1.518	1.441
	0.0170	9.12e+07	2.062	2.562	2.904	2.777	2.608	2.407	1.988	1.531	1.455
	0.0170	9.33e+07	2.088	2.585	2.922	2.793	2.624	2.421	2.002	1.544	1.468
	0.0170	9.55e+07	2.114	2.609	2.941	2.810	2.640	2.436	2.015	1.557	1.482
	0.0170	9.77e+07	2.141	2.633	2.960	2.827	2.656	2.451	2.029	1.570	1.495
	0.0170	1.00e+08	2.168	2.657	2.979	2.845	2.672	2.466	2.043	1.584	1.508
	0.0170	1.02e+08	2.195	2.681	2.998	2.862	2.689	2.482	2.055	1.595	1.520
	0.0170	1.05e+08	2.222	2.706	3.018	2.880	2.705	2.497	2.069	1.609	1.533
	0.0170	1.07e+08	2.249	2.732	3.038	2.898	2.723	2.513	2.084	1.622	1.547
	0.0170	1.10e+08	2.277	2.756	3.057	2.917	2.741	2.531	2.100	1.638	1.563
	0.0170	1.12e+08	2.303	2.781	3.076	2.935	2.758	2.548	2.115	1.653	1.578
	0.0170	1.15e+08	2.332	2.806	3.096	2.955	2.778	2.567	2.133	1.669	1.594
	0.0170	1.17e+08	2.360	2.831	3.116	2.975	2.798	2.587	2.151	1.686	1.611
	0.0170	1.20e+08	2.388	2.855	3.134	2.993	2.817	2.607	2.171	1.706	1.631
	0.0170	1.23e+08	2.359	2.878	3.151	3.009	2.829	2.596	1.955	1.356	1.232
	0.0170	1.26e+08	2.382	2.902	3.169	3.026	2.845	2.611	1.957	1.351	1.225
	0.0170	1.29e+08	2.405	2.926	3.187	3.043	2.862	2.627	1.961	1.349	1.221
	0.0170	1.32e+08	2.426	2.949	3.204	3.059	2.878	2.641	1.961	1.342	1.212
	0.0170	1.35e+08	2.449	2.973	3.222	3.076	2.895	2.656	1.965	1.339	1.207
	0.0170	1.38e+08	2.470	2.997	3.240	3.093	2.912	2.671	1.965	1.332	1.197
	0.0170	1.41e+08	2.493	3.021	3.258	3.111	2.930	2.689	1.970	1.332	1.195
	0.0170	1.45e+08	2.515	3.046	3.276	3.129	2.948	2.705	1.973	1.327	1.188
	0.0170	1.48e+08	2.538	3.072	3.297	3.149	2.967	2.723	1.975	1.322	1.181
	0.0170	1.51e+08	2.559	3.097	3.316	3.168	2.986	2.740	1.976	1.316	1.172
	0.0170	1.55e+08	2.581	3.122	3.334	3.186	3.005	2.757	1.979	1.311	1.165
	0.0170	1.59e+08	2.610	3.147	3.352	3.204	3.024	2.778	2.006	1.343	1.198
	0.0170	1.62e+08	2.634	3.172	3.370	3.221	3.040	2.794	2.018	1.353	1.207
	0.0170	1.66e+08	2.658	3.197	3.389	3.238	3.057	2.810	2.029	1.361	1.215
	0.0170	1.70e+08	2.683	3.223	3.407	3.255	3.074	2.826	2.041	1.373	1.226
	0.0170	1.74e+08	2.707	3.248	3.426	3.273	3.091	2.843	2.053	1.383	1.235
	0.0170	1.78e+08	2.731	3.275	3.445	3.291	3.109	2.859	2.065	1.392	1.244
	0.0170	1.82e+08	2.756	3.301	3.464	3.309	3.126	2.876	2.077	1.403	1.254
	0.0170	1.86e+08	2.781	3.327	3.483	3.327	3.145	2.895	2.093	1.418	1.268
	0.0170	1.91e+08	5.660	6.022	5.997	5.699	5.497	5.296	5.007	4.747	4.704
	0.0170	1.95e+08	5.660	6.022	5.997	5.698	5.496	5.296	5.007	4.747	4.703
	0.0170	2.00e+08	5.660	6.022	5.997	5.698	5.495	5.295	5.006	4.746	4.702
	0.0170	2.04e+08	5.658	6.020	5.996	5.697	5.494	5.294	5.005	4.745	4.701
	0.0170	2.09e+08	5.657	6.018	5.993	5.695	5.492	5.292	5.003	4.744	4.700
	0.0170	2.14e+08	5.655	6.016	5.991	5.693	5.490	5.290	5.002	4.742	4.699
	0.0170	2.19e+08	5.653	6.014	5.989	5.691	5.489	5.289	5.000	4.741	4.698
	0.0170	2.24e+08	5.652	6.013	5.988	5.689	5.487	5.287	4.999	4.740	4.696
	0.0170	2.29e+08	5.650	6.011	5.986	5.687	5.485	5.285	4.997	4.739	4.695
	0.0170	2.34e+08	5.649	6.010	5.984	5.686	5.484	5.284	4.996	4.737	4.694
	0.0170	2.40e+08	5.648	6.008	5.983	5.684	5.482	5.282	4.995	4.736	4.693
	0.0170	2.45e+08	5.646	6.007	5.981	5.683	5.481	5.281	4.993	4.735	4.692
	0.0170	2.51e+08	5.645	6.005	5.980	5.681	5.479	5.279	4.992	4.733	4.690
	0.0170	2.57e+08	5.643	6.003	5.978	5.679	5.477	5.277	4.990	4.732	4.689
	0.0170	2.63e+08	5.641	6.001	5.976	5.677	5.475	5.275	4.988	4.730	4.687
	0.0170	2.69e+08	5.639	5.999	5.974	5.675	5.473	5.274	4.986	4.729	4.686
	0.0170	2.75e+08	5.638	5.998	5.973	5.674	5.472	5.272	4.985	4.727	4.684
	0.0170	2.82e+08	5.637	5.997	5.971	5.672	5.470	5.270	4.983	4.726	4.683
	0.0170	2.88e+08	5.635	5.996	5.970	5.671	5.468	5.268	4.982	4.724	4.681
	0.0170	2.95e+08	5.634	5.994	5.968	5.669	5.466	5.266	4.980	4.722	4.679
	0.0170	3.02e+08	5.632	5.992	5.966	5.667	5.464	5.264	4.978	4.721	4.678
	0.0170	3.09e+08	5.631	5.991	5.965	5.665	5.462	5.262	4.976	4.719	4.676
	0.0170	3.16e+08	5.629	5.989	5.963	5.663	5.460	5.260	4.974	4.717	4.674
	0.0170	3.24e+08	5.626	5.986	5.960	5.660	5.457	5.258	4.971	4.715	4.672
	0.0170	3.31e+08	5.624	5.984	5.957	5.657	5.455	5.255	4.969	4.713	4.670
	0.0170	3.39e+08	5.622	5.981	5.955	5.655	5.452	5.253	4.967	4.711	4.669
	0.0170	3.47e+08	5.619	5.979	5.952	5.652	5.449	5.250	4.965	4.709	4.666
	0.0170	3.55e+08	5.617	5.976	5.949	5.649	5.447	5.248	4.962	4.707	4.664
	0.0170	3.63e+08	5.615	5.974	5.947	5.647	5.444	5.245	4.960	4.705	4.662
	0.0170	3.72e+08	5.613	5.972	5.945	5.644	5.442	5.243	4.958	4.703	4.660
	0.0170	3.80e+08	5.610	5.969	5.942	5.641	5.439	5.240	4.955	4.700	4.658
	0.0170	3.89e+08	5.608	5.967	5.939	5.639	5.436	5.237	4.952	4.698	4.656
	0.0170	3.98e+08	5.605	5.964	5.937	5.636	5.433	5.234	4.950	4.696	4.654
	0.0170	4.07e+08	5.604	5.962	5.935	5.634	5.431	5.232	4.948	4.694	4.651
	0.0170	4.17e+08	5.602	5.961	5.933	5.631	5.428	5.229	4.945	4.691	4.649
	0.0170	4.27e+08	5.600	5.959	5.931	5.629	5.426	5.227	4.942	4.689	4.647
	0.0170	4.37e+08	5.599	5.958	5.930	5.628	5.424	5.224	4.940	4.687	4.644
	0.0170	4.47e+08	5.596	5.955	5.927	5.624	5.420	5.221	4.937	4.684	4.642
	0.0170	4.57e+08	5.593	5.952	5.924	5.621	5.417	5.218	4.934	4.681	4.639
	0.0170	4.68e+08	5.590	5.950	5.921	5.618	5.414	5.214	4.931	4.678	4.636
	0.0170	4.79e+08	5.587	5.945	5.917	5.613	5.409	5.210	4.927	4.675	4.633
	0.0170	4.90e+08	5.583	5.941	5.913	5.609	5.405	5.206	4.923	4.672	4.630
	0.0170	5.01e+08	5.579	5.937	5.908	5.604	5.401	5.202	4.919	4.668	4.627
	0.0170	5.13e+08	5.575	5.933	5.904	5.600	5.397	5.198	4.916	4.665	4.623
	0.0170	5.25e+08	5.572	5.930	5.900	5.596	5.393	5.194	4.912	4.661	4.620
	0.0170	5.37e+08	5.569	5.927	5.897	5.593	5.389	5.190	4.908	4.658	4.616
	0.0170	5.50e+08	5.566	5.924	5.894	5.589	5.385	5.186	4.904	4.654	4.613
	0.0170	5.62e+08	5.563	5.922	5.892	5.586	5.382	5.182	4.900	4.651	4.609
	0.0170	5.76e+08	5.561	5.920	5.890	5.583	5.378	5.179	4.897	4.647	4.606
	0.0170	5.89e+08	5.558	5.918	5.888	5.580	5.375	5.175	4.893	4.643	4.602
	0.0170	6.03e+08	5.556	5.916	5.887	5.578	5.371	5.171	4.889	4.639	4.598
	0.0170	6.17e+08	5.552	5.912	5.883	5.573	5.367	5.166	4.884	4.635	4.594
	0.0170	6.31e+08	5.549	5.909	5.879	5.569	5.362	5.161	4.879	4.630	4.589
	0.0170	6.46e+08	5.544	5.905	5.876	5.564	5.356	5.156	4.874	4.625	4.585
	0.0170	6.61e+08	5.540	5.900	5.871	5.559	5.351	5.150	4.868	4.620	4.580
	0.0170	6.76e+08	5.535	5.896	5.867	5.553	5.345	5.144	4.862	4.615	4.574
	0.0170	6.92e+08	5.530	5.891	5.862	5.548	5.339	5.138	4.857	4.609	4.569
	0.0170	7.08e+08	5.526	5.887	5.858	5.543	5.333	5.132	4.851	4.604	4.563
	0.0170	7.25e+08	5.522	5.884	5.855	5.538	5.328	5.126	4.845	4.598	4.558
	0.0170	7.41e+08	5.518	5.880	5.851	5.533	5.322	5.120	4.838	4.592	4.552
	0.0170	7.59e+08	5.513	5.876	5.847	5.527	5.316	5.113	4.832	4.586	4.546
	0.0170	7.76e+08	5.508	5.872	5.843	5.522	5.309	5.106	4.824	4.579	4.539
	0.0170	7.94e+08	5.504	5.868	5.839	5.516	5.303	5.099	4.817	4.572	4.532
	0.0170	8.13e+08	5.499	5.865	5.837	5.511	5.297	5.092	4.810	4.565	4.525
	0.0170	8.32e+08	5.495	5.862	5.834	5.507	5.291	5.086	4.803	4.557	4.518
	0.0170	8.51e+08	5.490	5.858	5.831	5.501	5.284	5.078	4.794	4.549	4.510
	0.0170	8.71e+08	5.484	5.853	5.827	5.495	5.276	5.069	4.785	4.540	4.501
	0.0170	8.91e+08	5.479	5.850	5.824	5.489	5.269	5.061	4.776	4.531	4.492
	0.0170	9.12e+08	5.474	5.846	5.821	5.484	5.262	5.052	4.767	4.522	4.483
	0.0170	9.33e+08	5.469	5.842	5.818	5.477	5.254	5.043	4.757	4.512	4.473
	0.0170	9.55e+08	5.464	5.839	5.816	5.472	5.246	5.034	4.746	4.501	4.462
	0.0170	9.77e+08	5.458	5.836	5.814	5.466	5.238	5.024	4.735	4.489	4.451
	0.0170	1.00e+09	5.453	5.834	5.813	5.461	5.230	5.014	4.724	4.478	4.439
	0.0170	1.02e+09	5.448	5.833	5.812	5.456	5.222	5.004	4.712	4.465	4.426
	0.0170	1.05e+09	5.442	5.832	5.812	5.450	5.214	4.993	4.699	4.451	4.413
	0.0170	1.07e+09	5.444	5.838	5.819	5.452	5.212	4.989	4.692	4.442	4.404
	0.0170	1.10e+09	5.465	5.866	5.848	5.476	5.232	5.005	4.705	4.452	4.413
	0.0170	1.12e+09	5.441	5.847	5.830	5.451	5.203	4.974	4.671	4.418	4.380
	0.0170	1.15e+09	5.441	5.854	5.838	5.452	5.201	4.968	4.662	4.407	4.369
	0.0170	1.18e+09	5.422	5.843	5.826	5.433	5.177	4.941	4.632	4.375	4.337
	0.0170	1.20e+09	5.412	5.846	5.827	5.425	5.164	4.923	4.608	4.347	4.308
	0.0170	1.23e+09	5.333	5.863	5.824	5.381	5.090	4.820	4.444	4.118	4.070
	0.0170	1.29e+09	5.173	5.902	5.823	5.303	4.956	4.630	4.139	3.699	3.634
	0.0170	1.32e+09	5.164	5.929	5.842	5.307	4.950	4.615	4.110	3.657	3.590
	0.0170	1.35e+09	5.154	5.955	5.861	5.309	4.943	4.599	4.080	3.615	3.546
	0.0170	1.38e+09	5.142	5.980	5.878	5.311	4.935	4.583	4.049	3.572	3.501
	0.0170	1.41e+09	5.118	6.007	5.890	5.301	4.913	4.550	3.997	3.507	3.434
	0.0170	1.45e+09	5.102	6.028	5.904	5.301	4.904	4.532	3.966	3.464	3.389
	0.0170	1.48e+09	5.078	6.042	5.914	5.298	4.893	4.513	3.933	3.419	3.342
	0.0170	1.51e+09	5.047	6.062	5.921	5.288	4.872	4.482	3.885	3.359	3.280
	0.0170	1.55e+09	5.012	6.075	5.928	5.280	4.855	4.457	3.845	3.308	3.226
	0.0170	1.59e+09	5.005	6.105	5.943	5.276	4.844	4.438	3.818	3.275	3.193
	0.0170	1.62e+09	4.978	6.122	5.949	5.267	4.826	4.415	3.786	3.238	3.155
	0.0170	1.66e+09	4.762	6.081	5.894	5.178	4.703	4.239	3.494	2.863	2.759
	0.0170	1.70e+09	4.476	6.186	5.963	5.217	4.710	4.160	2.974	2.168	2.000
	0.0170	1.74e+09	4.504	6.220	5.997	5.247	4.738	4.185	3.001	2.195	2.027
	0.0170	1.78e+09	4.533	6.256	6.031	5.279	4.768	4.214	3.029	2.222	2.055
	0.0170	1.82e+09	4.562	6.292	6.067	5.311	4.799	4.243	3.057	2.249	2.082
	0.0170	1.86e+09	4.598	6.330	6.104	5.347	4.834	4.277	3.093	2.286	2.119
	0.0170	1.91e+09	4.685	6.364	6.136	5.377	4.868	4.327	3.202	2.415	2.254
	0.0170	1.95e+09	4.703	6.396	6.163	5.397	4.885	4.341	3.217	2.430	2.270
	0.0170	2.00e+09	4.722	6.428	6.190	5.418	4.902	4.356	3.236	2.449	2.290
	0.0170	2.04e+09	4.743	6.461	6.217	5.438	4.920	4.372	3.256	2.471	2.312
	0.0170	2.09e+09	4.759	6.493	6.244	5.458	4.937	4.386	3.270	2.484	2.325
	0.0170	2.14e+09	4.780	6.526	6.271	5.479	4.955	4.403	3.291	2.506	2.348
	0.0170	2.19e+09	4.803	6.560	6.301	5.503	4.976	4.422	3.312	2.528	2.370
	0.0170	2.24e+09	4.838	6.594	6.333	5.534	5.007	4.455	3.349	2.567	2.410
	0.0170	2.29e+09	4.859	6.626	6.359	5.553	5.024	4.471	3.369	2.589	2.432
	0.0170	2.34e+09	4.882	6.658	6.385	5.574	5.043	4.490	3.391	2.612	2.456
	0.0170	2.40e+09	4.908	6.692	6.413	5.596	5.063	4.510	3.419	2.642	2.487
	0.0170	2.46e+09	4.934	6.726	6.442	5.620	5.085	4.532	3.445	2.669	2.515
	0.0170	2.51e+09	4.965	6.760	6.472	5.645	5.109	4.556	3.477	2.705	2.552
	0.0170	2.57e+09	4.983	6.793	6.499	5.667	5.129	4.575	3.493	2.720	2.567
	0.0170	2.63e+09	5.002	6.825	6.526	5.689	5.149	4.593	3.510	2.737	2.584
	0.0170	2.69e+09	5.023	6.857	6.552	5.711	5.169	4.612	3.530	2.757	2.604
	0.0170	2.75e+09	5.041	6.887	6.577	5.733	5.189	4.630	3.546	2.772	2.619
	0.0170	2.82e+09	5.059	6.917	6.602	5.755	5.210	4.649	3.562	2.786	2.634
	0.0170	2.88e+09	5.078	6.946	6.628	5.778	5.231	4.669	3.580	2.804	2.652
	0.0170	2.95e+09	5.100	6.973	6.652	5.801	5.253	4.689	3.602	2.826	2.673
	0.0170	3.02e+09	5.133	7.002	6.675	5.819	5.270	4.709	3.640	2.871	2.721
	0.0170	3.09e+09	5.149	7.037	6.703	5.840	5.288	4.725	3.653	2.883	2.733
	0.0170	3.16e+09	5.168	7.071	6.730	5.861	5.306	4.741	3.671	2.901	2.752
	0.0170	3.24e+09	5.184	7.103	6.757	5.882	5.324	4.757	3.685	2.914	2.765
	0.0170	3.31e+09	5.201	7.134	6.783	5.904	5.344	4.774	3.700	2.928	2.778
	0.0170	3.39e+09	5.228	7.165	6.812	5.932	5.371	4.801	3.726	2.954	2.804
	0.0170	3.47e+09	5.246	7.193	6.835	5.952	5.391	4.820	3.742	2.969	2.820
	0.0170	3.55e+09	5.272	7.227	6.866	5.980	5.418	4.847	3.767	2.994	2.844
	0.0170	3.63e+09	5.309	7.262	6.897	6.009	5.447	4.878	3.806	3.036	2.887
	0.0170	3.72e+09	5.331	7.293	6.923	6.031	5.467	4.897	3.829	3.059	2.911
	0.0170	3.80e+09	5.349	7.319	6.946	6.052	5.486	4.915	3.845	3.075	2.927
	0.0170	3.89e+09	5.370	7.344	6.969	6.072	5.506	4.934	3.866	3.097	2.948
	0.0170	3.98e+09	5.387	7.368	6.990	6.091	5.524	4.950	3.882	3.112	2.964
	0.0170	4.07e+09	5.407	7.393	7.013	6.112	5.544	4.970	3.902	3.133	2.984
	0.0170	4.17e+09	5.431	7.419	7.037	6.135	5.566	4.991	3.926	3.158	3.010
	0.0170	4.27e+09	5.454	7.435	7.055	6.156	5.587	5.013	3.951	3.183	3.036
	0.0170	4.37e+09	5.503	7.465	7.093	6.200	5.636	5.065	4.002	3.235	3.087
	0.0170	4.47e+09	5.532	7.488	7.113	6.220	5.656	5.088	4.034	3.271	3.124
	0.0170	4.57e+09	5.549	7.496	7.122	6.228	5.664	5.097	4.057	3.299	3.154
	0.0170	4.68e+09	5.563	7.517	7.139	6.244	5.679	5.112	4.069	3.310	3.165
	0.0170	4.79e+09	5.579	7.537	7.157	6.260	5.695	5.127	4.086	3.327	3.182
	0.0170	4.90e+09	5.593	7.557	7.174	6.275	5.709	5.142	4.099	3.340	3.195
	0.0170	5.01e+09	5.610	7.578	7.191	6.291	5.725	5.157	4.116	3.358	3.213
	0.0170	5.13e+09	5.619	7.596	7.207	6.306	5.739	5.170	4.122	3.362	3.216
	0.0170	5.25e+09	5.633	7.601	7.215	6.317	5.751	5.183	4.137	3.378	3.232
	0.0170	5.37e+09	5.649	7.595	7.218	6.325	5.761	5.197	4.157	3.400	3.255
	0.0170	5.50e+09	5.666	7.620	7.238	6.342	5.778	5.212	4.173	3.417	3.272
	0.0170	5.62e+09	5.682	7.641	7.257	6.359	5.794	5.229	4.189	3.433	3.288
	0.0170	5.76e+09	5.701	7.663	7.277	6.379	5.813	5.247	4.208	3.452	3.307
	0.0170	5.89e+09	5.750	7.708	7.317	6.417	5.851	5.287	4.259	3.508	3.364
	0.0170	6.03e+09	5.776	7.735	7.339	6.436	5.870	5.306	4.287	3.538	3.396
	0.0170	6.17e+09	5.791	7.762	7.362	6.455	5.887	5.322	4.301	3.552	3.409
	0.0170	6.31e+09	5.806	7.791	7.385	6.474	5.905	5.337	4.312	3.562	3.419
	0.0170	6.46e+09	5.831	7.821	7.410	6.495	5.924	5.357	4.339	3.591	3.450
	0.0170	6.61e+09	5.845	7.851	7.434	6.516	5.942	5.373	4.350	3.601	3.459
	0.0170	6.76e+09	5.862	7.881	7.458	6.536	5.961	5.390	4.365	3.614	3.472
	0.0170	6.92e+09	5.892	7.910	7.481	6.556	5.980	5.411	4.399	3.654	3.514
	0.0170	7.08e+09	5.873	7.933	7.493	6.559	5.976	5.398	4.371	3.619	3.477
	0.0170	7.25e+09	5.898	7.964	7.519	6.582	6.000	5.422	4.397	3.646	3.504
	0.0170	7.41e+09	5.926	7.995	7.545	6.605	6.022	5.444	4.426	3.677	3.537
	0.0170	7.59e+09	5.939	8.026	7.570	6.627	6.041	5.462	4.437	3.685	3.544
	0.0170	7.76e+09	5.964	8.044	7.593	6.650	6.065	5.485	4.464	3.714	3.573
	0.0170	7.94e+09	5.978	8.073	7.616	6.670	6.082	5.501	4.475	3.723	3.582
	0.0170	8.13e+09	5.998	8.101	7.639	6.689	6.100	5.518	4.496	3.745	3.605
	0.0170	8.32e+09	6.015	8.131	7.663	6.711	6.120	5.537	4.511	3.758	3.617
	0.0170	8.51e+09	6.030	8.160	7.686	6.730	6.138	5.553	4.524	3.771	3.630
	0.0170	8.71e+09	6.052	8.189	7.710	6.752	6.158	5.572	4.545	3.793	3.652
	0.0170	8.91e+09	6.066	8.218	7.733	6.771	6.176	5.588	4.557	3.803	3.661
	0.0170	9.12e+09	6.089	8.248	7.758	6.793	6.196	5.609	4.580	3.827	3.686
	0.0170	9.33e+09	6.107	8.277	7.782	6.814	6.216	5.627	4.596	3.843	3.702
	0.0170	9.55e+09	6.126	8.307	7.806	6.835	6.236	5.646	4.615	3.861	3.720
	0.0170	9.77e+09	6.145	8.337	7.830	6.856	6.254	5.663	4.634	3.880	3.740
	0.0170	1.00e+10	6.177	8.367	7.855	6.878	6.276	5.687	4.668	3.919	3.779
	0.0170	1.02e+10	6.185	8.413	7.882	6.897	6.292	5.699	4.669	3.916	3.775
	0.0170	1.05e+10	6.200	8.442	7.905	6.917	6.310	5.714	4.682	3.928	3.787
	0.0170	1.07e+10	6.215	8.472	7.928	6.937	6.328	5.731	4.695	3.940	3.799
	0.0170	1.10e+10	6.237	8.501	7.952	6.958	6.347	5.749	4.717	3.963	3.822
	0.0170	1.12e+10	6.255	8.531	7.976	6.979	6.366	5.767	4.734	3.979	3.838
	0.0170	1.15e+10	6.272	8.561	8.000	7.000	6.386	5.785	4.749	3.994	3.853
	0.0170	1.18e+10	6.294	8.592	8.025	7.021	6.406	5.804	4.771	4.016	3.876
	0.0170	1.20e+10	6.309	8.622	8.049	7.043	6.426	5.822	4.784	4.028	3.887
	0.0170	1.23e+10	6.332	8.661	8.079	7.067	6.448	5.843	4.805	4.049	3.908
	0.0170	1.26e+10	6.354	8.692	8.104	7.090	6.469	5.864	4.827	4.071	3.931
	0.0170	1.29e+10	6.372	8.723	8.129	7.112	6.489	5.882	4.843	4.087	3.946
	0.0170	1.32e+10	6.388	8.753	8.154	7.134	6.509	5.900	4.857	4.099	3.958
