# File generated by CMD 2.7 (http://stev.oapd.inaf.it/cmd) on Mon Jun 15 16:06:56 CEST 2015
# Basic reference: Marigo et al. (2008, A&A 482, 883) 
# but applying the corrections from Case A in Girardi et al. (2010, ApJ 724, 1030) 
# + Bertelli et al. (1994, A&AS, 106, 275) for the Mi>7.0 Msun interval
# Photometric system: <i>UBVRIJHK</i> (cf. Maiz-Apellaniz 2006 + Bessell 1990)
# Using OBC version of bolometric corrections as detailed in Marigo et al. (2008, A&A 482, 883) and Girardi et al. (2008, PASP 120, 583)
# BCs of Carbon stars derive from Loidl et al. (2001, A&A 342, 531)
# O-rich circumstellar dust ignored
# C-rich circumstellar dust ignored
# IMF: Kroupa (2001, 2002) + Kroupa et al. (2013) canonical two-part-power law IMF corrected for unresolved binaries 
# Kind of output: SSP integrated magnitudes
#	Z	Age		mbol    U       B       V       R       I       J       H       K
	0.0010	3.98e+06	-2.733	-0.883	-0.008	0.133	0.157	0.175	0.224	0.171	0.181
	0.0010	4.07e+06	-2.695	-0.851	0.035	0.164	0.172	0.171	0.181	0.100	0.103
	0.0010	4.17e+06	-2.653	-0.857	0.051	0.228	0.280	0.340	0.474	0.468	0.498
	0.0010	4.27e+06	-2.607	-0.872	0.019	0.189	0.237	0.290	0.415	0.402	0.429
	0.0010	4.37e+06	-2.560	-0.873	0.029	0.203	0.254	0.313	0.447	0.436	0.465
	0.0010	4.47e+06	-2.509	-0.865	0.041	0.216	0.267	0.327	0.463	0.449	0.479
	0.0010	4.57e+06	-2.476	-0.927	-0.057	0.107	0.152	0.206	0.333	0.317	0.345
	0.0010	4.68e+06	-2.442	-0.958	-0.108	0.047	0.088	0.136	0.254	0.233	0.259
	0.0010	4.79e+06	-2.407	-0.998	-0.185	-0.042	-0.009	0.030	0.133	0.107	0.129
	0.0010	4.90e+06	-2.372	-1.046	-0.287	-0.163	-0.141	-0.115	-0.033	-0.067	-0.049
	0.0010	5.01e+06	-2.336	-1.088	-0.411	-0.311	-0.304	-0.296	-0.243	-0.287	-0.275
	0.0010	5.13e+06	-2.300	-1.115	-0.547	-0.478	-0.488	-0.503	-0.494	-0.552	-0.547
	0.0010	5.25e+06	-2.262	-1.107	-0.658	-0.632	-0.668	-0.718	-0.771	-0.852	-0.858
	0.0010	5.37e+06	-2.224	-1.033	-0.689	-0.728	-0.809	-0.914	-1.058	-1.185	-1.205
	0.0010	5.50e+06	-2.182	-0.867	-0.562	-0.708	-0.866	-1.050	-1.314	-1.523	-1.559
	0.0010	5.62e+06	-2.139	-0.663	-0.315	-0.586	-0.828	-1.086	-1.448	-1.728	-1.775
	0.0010	5.75e+06	-2.091	-0.492	-0.068	-0.440	-0.744	-1.053	-1.480	-1.813	-1.866
	0.0010	5.89e+06	-2.044	-0.411	0.061	-0.328	-0.648	-0.971	-1.420	-1.775	-1.831
	0.0010	6.03e+06	-2.010	-0.372	0.110	-0.288	-0.616	-0.947	-1.407	-1.772	-1.829
	0.0010	6.17e+06	-1.976	-0.333	0.159	-0.249	-0.584	-0.922	-1.393	-1.769	-1.826
	0.0010	6.31e+06	-1.942	-0.293	0.210	-0.208	-0.551	-0.897	-1.378	-1.765	-1.823
	0.0010	6.46e+06	-1.906	-0.253	0.260	-0.166	-0.518	-0.871	-1.363	-1.761	-1.821
	0.0010	6.61e+06	-1.870	-0.212	0.311	-0.125	-0.484	-0.844	-1.348	-1.757	-1.817
	0.0010	6.76e+06	-1.832	-0.170	0.362	-0.083	-0.450	-0.817	-1.333	-1.753	-1.814
	0.0010	6.92e+06	-1.793	-0.127	0.413	-0.040	-0.416	-0.791	-1.317	-1.748	-1.810
	0.0010	7.08e+06	-1.752	-0.085	0.462	0.004	-0.376	-0.756	-1.291	-1.730	-1.792
	0.0010	7.24e+06	-1.711	-0.079	0.450	0.015	-0.348	-0.714	-1.228	-1.651	-1.711
	0.0010	7.41e+06	-1.669	-0.119	0.366	-0.006	-0.324	-0.649	-1.109	-1.485	-1.540
	0.0010	7.59e+06	-1.630	-0.186	0.245	-0.044	-0.302	-0.574	-0.959	-1.268	-1.315
	0.0010	7.76e+06	-1.592	-0.246	0.135	-0.068	-0.269	-0.492	-0.808	-1.058	-1.098
	0.0010	7.94e+06	-1.553	-0.296	0.054	-0.075	-0.225	-0.401	-0.655	-0.855	-0.888
	0.0010	8.13e+06	-1.514	-0.331	0.010	-0.062	-0.170	-0.306	-0.502	-0.662	-0.688
	0.0010	8.32e+06	-1.474	-0.349	0.009	-0.024	-0.102	-0.205	-0.351	-0.481	-0.500
	0.0010	8.51e+06	-1.433	-0.350	0.040	0.036	-0.020	-0.098	-0.202	-0.309	-0.323
	0.0010	8.71e+06	-1.391	-0.334	0.093	0.114	0.073	0.017	-0.053	-0.145	-0.153
	0.0010	8.91e+06	-1.348	-0.307	0.164	0.204	0.176	0.135	0.094	0.012	0.008
	0.0010	9.12e+06	-1.305	-0.268	0.247	0.302	0.283	0.256	0.237	0.162	0.162
	0.0010	9.33e+06	-1.260	-0.218	0.335	0.404	0.394	0.377	0.377	0.305	0.308
	0.0010	9.55e+06	-1.215	-0.164	0.430	0.510	0.506	0.497	0.511	0.440	0.445
	0.0010	9.77e+06	-1.169	-0.102	0.526	0.616	0.617	0.616	0.640	0.567	0.573
	0.0010	1.00e+07	-1.120	-0.032	0.632	0.732	0.739	0.745	0.780	0.704	0.712
	0.0010	1.02e+07	-1.062	0.066	0.759	0.866	0.876	0.884	0.919	0.835	0.842
	0.0010	1.05e+07	-1.002	0.163	0.875	0.986	0.996	1.004	1.032	0.939	0.945
	0.0010	1.07e+07	-0.943	0.266	1.026	1.157	1.182	1.210	1.276	1.204	1.217
	0.0010	1.10e+07	-0.913	0.296	1.062	1.196	1.224	1.256	1.331	1.266	1.281
	0.0010	1.12e+07	-0.883	0.327	1.097	1.234	1.264	1.298	1.379	1.317	1.333
	0.0010	1.15e+07	-0.852	0.359	1.133	1.270	1.301	1.337	1.419	1.357	1.373
	0.0010	1.17e+07	-0.820	0.392	1.168	1.305	1.336	1.370	1.449	1.384	1.400
	0.0010	1.20e+07	-0.789	0.426	1.204	1.339	1.368	1.399	1.470	1.399	1.413
	0.0010	1.23e+07	-0.756	0.461	1.241	1.373	1.397	1.424	1.482	1.400	1.411
	0.0010	1.26e+07	-0.723	0.499	1.279	1.406	1.425	1.443	1.483	1.387	1.394
	0.0010	1.29e+07	-0.690	0.539	1.321	1.440	1.451	1.458	1.474	1.357	1.361
	0.0010	1.32e+07	-0.657	0.581	1.369	1.477	1.477	1.469	1.452	1.309	1.307
	0.0010	1.35e+07	-0.623	0.626	1.421	1.517	1.503	1.476	1.421	1.242	1.233
	0.0010	1.38e+07	-0.589	0.672	1.477	1.560	1.531	1.483	1.381	1.158	1.141
	0.0010	1.41e+07	-0.555	0.720	1.534	1.606	1.561	1.490	1.335	1.057	1.031
	0.0010	1.45e+07	-0.519	0.769	1.592	1.658	1.598	1.503	1.285	0.942	0.906
	0.0010	1.48e+07	-0.483	0.813	1.645	1.719	1.663	1.568	1.338	0.972	0.933
	0.0010	1.51e+07	-0.445	0.853	1.681	1.750	1.690	1.590	1.354	0.987	0.948
	0.0010	1.55e+07	-0.407	0.889	1.711	1.775	1.711	1.608	1.367	1.001	0.961
	0.0010	1.58e+07	-0.378	0.904	1.719	1.781	1.717	1.617	1.384	1.027	0.989
	0.0010	1.62e+07	-0.349	0.920	1.725	1.784	1.719	1.618	1.389	1.039	1.001
	0.0010	1.66e+07	-0.319	0.935	1.731	1.786	1.721	1.620	1.395	1.050	1.014
	0.0010	1.70e+07	-0.290	0.950	1.737	1.789	1.722	1.621	1.400	1.062	1.026
	0.0010	1.74e+07	-0.259	0.965	1.743	1.791	1.724	1.623	1.405	1.073	1.038
	0.0010	1.78e+07	-0.229	0.981	1.748	1.793	1.726	1.625	1.410	1.084	1.050
	0.0010	1.82e+07	-0.199	0.996	1.754	1.796	1.727	1.626	1.415	1.095	1.062
	0.0010	1.86e+07	-0.169	1.012	1.759	1.798	1.728	1.628	1.419	1.106	1.073
	0.0010	1.91e+07	-0.138	1.028	1.764	1.800	1.730	1.629	1.424	1.116	1.084
	0.0010	1.95e+07	-0.107	1.045	1.769	1.802	1.731	1.631	1.429	1.127	1.095
	0.0010	2.00e+07	-0.075	1.062	1.775	1.804	1.733	1.632	1.433	1.137	1.106
	0.0010	2.04e+07	-0.041	1.079	1.786	1.822	1.759	1.668	1.489	1.209	1.181
	0.0010	2.09e+07	-0.007	1.108	1.810	1.847	1.786	1.697	1.523	1.248	1.220
	0.0010	2.14e+07	0.029	1.137	1.829	1.862	1.798	1.707	1.529	1.254	1.226
	0.0010	2.19e+07	0.058	1.152	1.833	1.865	1.801	1.710	1.533	1.261	1.233
	0.0010	2.24e+07	0.084	1.163	1.833	1.861	1.795	1.703	1.524	1.252	1.224
	0.0010	2.29e+07	0.111	1.175	1.832	1.857	1.789	1.695	1.515	1.243	1.215
	0.0010	2.34e+07	0.138	1.188	1.832	1.853	1.784	1.687	1.505	1.233	1.205
	0.0010	2.40e+07	0.164	1.200	1.832	1.849	1.778	1.679	1.494	1.222	1.193
	0.0010	2.45e+07	0.191	1.214	1.833	1.846	1.772	1.671	1.482	1.209	1.181
	0.0010	2.51e+07	0.218	1.228	1.835	1.843	1.766	1.662	1.469	1.196	1.167
	0.0010	2.57e+07	0.246	1.243	1.837	1.840	1.760	1.653	1.455	1.181	1.152
	0.0010	2.63e+07	0.273	1.259	1.839	1.837	1.754	1.643	1.441	1.164	1.134
	0.0010	2.69e+07	0.300	1.276	1.843	1.835	1.749	1.634	1.425	1.147	1.116
	0.0010	2.75e+07	0.328	1.293	1.849	1.838	1.749	1.632	1.421	1.142	1.111
	0.0010	2.82e+07	0.356	1.312	1.859	1.846	1.757	1.639	1.426	1.147	1.115
	0.0010	2.88e+07	0.386	1.336	1.875	1.858	1.767	1.646	1.429	1.146	1.115
	0.0010	2.95e+07	0.414	1.359	1.894	1.876	1.784	1.662	1.443	1.159	1.127
	0.0010	3.02e+07	0.441	1.378	1.909	1.889	1.796	1.674	1.453	1.169	1.137
	0.0010	3.09e+07	0.468	1.397	1.923	1.903	1.809	1.685	1.463	1.178	1.146
	0.0010	3.16e+07	0.495	1.417	1.938	1.916	1.821	1.697	1.474	1.188	1.156
	0.0010	3.24e+07	0.522	1.437	1.953	1.930	1.834	1.709	1.484	1.197	1.165
	0.0010	3.31e+07	0.550	1.456	1.968	1.943	1.847	1.721	1.495	1.207	1.175
	0.0010	3.39e+07	0.577	1.476	1.983	1.957	1.860	1.733	1.505	1.217	1.184
	0.0010	3.47e+07	0.604	1.496	1.998	1.970	1.873	1.744	1.515	1.226	1.193
	0.0010	3.55e+07	0.631	1.516	2.014	1.984	1.886	1.757	1.526	1.236	1.203
	0.0010	3.63e+07	0.659	1.537	2.030	2.001	1.903	1.775	1.545	1.257	1.224
	0.0010	3.72e+07	0.689	1.561	2.054	2.027	1.930	1.804	1.576	1.287	1.255
	0.0010	3.80e+07	0.719	1.591	2.081	2.051	1.952	1.822	1.588	1.294	1.260
	0.0010	3.89e+07	0.748	1.618	2.106	2.075	1.975	1.844	1.607	1.309	1.275
	0.0010	3.98e+07	0.774	1.638	2.123	2.090	1.990	1.857	1.617	1.316	1.281
	0.0010	4.07e+07	0.800	1.659	2.140	2.106	2.004	1.870	1.626	1.322	1.287
	0.0010	4.17e+07	0.827	1.680	2.157	2.122	2.019	1.883	1.636	1.328	1.293
	0.0010	4.27e+07	0.854	1.701	2.174	2.138	2.034	1.897	1.646	1.335	1.300
	0.0010	4.37e+07	0.880	1.722	2.191	2.154	2.049	1.910	1.657	1.343	1.307
	0.0010	4.47e+07	0.907	1.743	2.209	2.170	2.064	1.924	1.667	1.350	1.313
	0.0010	4.57e+07	0.934	1.764	2.226	2.186	2.079	1.938	1.678	1.357	1.320
	0.0010	4.68e+07	0.960	1.785	2.243	2.201	2.094	1.951	1.688	1.365	1.327
	0.0010	4.79e+07	0.986	1.806	2.260	2.217	2.109	1.965	1.699	1.372	1.334
	0.0010	4.90e+07	1.012	1.827	2.277	2.233	2.124	1.979	1.710	1.380	1.341
	0.0010	5.01e+07	1.039	1.849	2.295	2.250	2.139	1.993	1.721	1.388	1.349
	0.0010	5.13e+07	1.066	1.870	2.312	2.266	2.155	2.008	1.732	1.396	1.357
	0.0010	5.25e+07	1.094	1.892	2.329	2.281	2.169	2.020	1.742	1.403	1.363
	0.0010	5.37e+07	1.121	1.912	2.344	2.295	2.183	2.035	1.758	1.422	1.382
	0.0010	5.50e+07	1.150	1.933	2.361	2.312	2.200	2.051	1.776	1.440	1.401
	0.0010	5.62e+07	1.177	1.952	2.375	2.326	2.215	2.068	1.794	1.461	1.422
	0.0010	5.75e+07	1.203	1.970	2.388	2.339	2.228	2.081	1.808	1.477	1.438
	0.0010	5.89e+07	1.229	1.988	2.402	2.352	2.241	2.094	1.823	1.493	1.454
	0.0010	6.03e+07	1.255	2.007	2.415	2.365	2.254	2.108	1.837	1.509	1.471
	0.0010	6.17e+07	1.281	2.026	2.429	2.378	2.268	2.122	1.852	1.526	1.487
	0.0010	6.31e+07	1.307	2.044	2.443	2.391	2.281	2.136	1.867	1.542	1.503
	0.0010	6.46e+07	1.334	2.064	2.458	2.405	2.295	2.150	1.882	1.558	1.520
	0.0010	6.61e+07	1.361	2.083	2.472	2.419	2.309	2.164	1.897	1.574	1.536
	0.0010	6.76e+07	1.388	2.103	2.487	2.433	2.323	2.178	1.911	1.590	1.553
	0.0010	6.92e+07	1.416	2.123	2.503	2.452	2.344	2.202	1.941	1.624	1.587
	0.0010	7.08e+07	1.444	2.144	2.522	2.471	2.365	2.224	1.965	1.652	1.615
	0.0010	7.24e+07	1.473	2.170	2.545	2.491	2.383	2.241	1.980	1.666	1.629
	0.0010	7.41e+07	1.502	2.194	2.566	2.512	2.404	2.261	2.001	1.687	1.650
	0.0010	7.59e+07	1.527	2.214	2.581	2.524	2.415	2.272	2.009	1.696	1.658
	0.0010	7.76e+07	1.551	2.233	2.595	2.537	2.426	2.282	2.018	1.703	1.666
	0.0010	7.94e+07	1.576	2.253	2.610	2.550	2.438	2.293	2.027	1.712	1.674
	0.0010	8.13e+07	1.602	2.273	2.625	2.563	2.450	2.303	2.036	1.719	1.682
	0.0010	8.32e+07	1.626	2.292	2.640	2.576	2.462	2.314	2.044	1.727	1.690
	0.0010	8.51e+07	1.651	2.312	2.655	2.589	2.474	2.325	2.053	1.735	1.697
	0.0010	8.71e+07	1.677	2.333	2.671	2.603	2.486	2.336	2.062	1.743	1.705
	0.0010	8.91e+07	1.702	2.353	2.686	2.616	2.499	2.347	2.072	1.752	1.713
	0.0010	9.12e+07	1.728	2.374	2.703	2.630	2.511	2.358	2.080	1.759	1.720
	0.0010	9.33e+07	1.754	2.395	2.719	2.644	2.524	2.369	2.089	1.766	1.727
	0.0010	9.55e+07	1.779	2.416	2.735	2.658	2.536	2.380	2.098	1.774	1.734
	0.0010	9.77e+07	1.806	2.437	2.753	2.676	2.555	2.399	2.117	1.794	1.755
	0.0010	1.00e+08	1.832	2.459	2.771	2.694	2.573	2.418	2.136	1.812	1.773
	0.0010	1.02e+08	1.860	2.484	2.795	2.715	2.592	2.434	2.149	1.822	1.783
	0.0010	1.05e+08	1.887	2.511	2.818	2.735	2.609	2.449	2.160	1.830	1.789
	0.0010	1.07e+08	1.823	2.530	2.824	2.705	2.529	2.289	1.774	1.221	1.093
	0.0010	1.10e+08	1.843	2.550	2.840	2.717	2.539	2.296	1.774	1.219	1.089
	0.0010	1.12e+08	1.864	2.571	2.856	2.730	2.549	2.302	1.772	1.213	1.082
	0.0010	1.15e+08	1.883	2.591	2.872	2.741	2.558	2.306	1.770	1.206	1.075
	0.0010	1.17e+08	1.903	2.612	2.888	2.754	2.567	2.312	1.767	1.199	1.068
	0.0010	1.20e+08	1.922	2.632	2.904	2.765	2.574	2.316	1.764	1.195	1.061
	0.0010	1.23e+08	1.941	2.652	2.919	2.775	2.581	2.319	1.760	1.187	1.053
	0.0010	1.26e+08	1.961	2.673	2.935	2.787	2.590	2.323	1.759	1.183	1.049
	0.0010	1.29e+08	1.980	2.693	2.951	2.798	2.597	2.327	1.754	1.174	1.039
	0.0010	1.32e+08	1.999	2.714	2.967	2.810	2.605	2.331	1.751	1.169	1.033
	0.0010	1.35e+08	2.011	2.735	2.983	2.819	2.608	2.325	1.727	1.132	0.990
	0.0010	1.38e+08	2.020	2.756	2.998	2.827	2.609	2.316	1.696	1.085	0.936
	0.0010	1.41e+08	2.032	2.777	3.015	2.837	2.613	2.312	1.675	1.050	0.897
	0.0010	1.45e+08	2.041	2.799	3.032	2.847	2.616	2.305	1.646	1.006	0.846
	0.0010	1.48e+08	2.053	2.821	3.049	2.858	2.620	2.301	1.625	0.973	0.808
	0.0010	1.51e+08	2.063	2.844	3.068	2.871	2.627	2.299	1.603	0.937	0.767
	0.0010	1.55e+08	2.075	2.865	3.086	2.885	2.635	2.300	1.588	0.909	0.734
	0.0010	1.59e+08	2.084	2.887	3.105	2.898	2.643	2.298	1.567	0.875	0.695
	0.0010	1.62e+08	2.094	2.912	3.128	2.914	2.652	2.297	1.547	0.842	0.657
	0.0010	1.66e+08	2.105	2.938	3.151	2.929	2.660	2.299	1.535	0.821	0.629
	0.0010	1.70e+08	2.133	2.961	3.172	2.949	2.680	2.320	1.560	0.849	0.658
	0.0010	1.74e+08	2.169	2.983	3.192	2.971	2.706	2.351	1.605	0.900	0.714
	0.0010	1.78e+08	2.205	3.005	3.213	2.993	2.731	2.381	1.648	0.952	0.769
	0.0010	1.82e+08	2.241	3.028	3.234	3.015	2.756	2.411	1.692	1.003	0.824
	0.0010	1.86e+08	2.278	3.051	3.255	3.037	2.781	2.441	1.736	1.056	0.882
	0.0010	1.91e+08	2.315	3.073	3.276	3.059	2.806	2.472	1.781	1.111	0.941
	0.0010	1.95e+08	2.352	3.096	3.297	3.081	2.831	2.502	1.828	1.168	1.004
	0.0010	2.00e+08	2.389	3.119	3.319	3.104	2.857	2.533	1.874	1.224	1.066
	0.0010	2.04e+08	2.426	3.142	3.341	3.127	2.883	2.564	1.919	1.279	1.128
	0.0010	2.09e+08	2.464	3.165	3.362	3.150	2.910	2.596	1.966	1.339	1.194
	0.0010	2.14e+08	2.502	3.189	3.385	3.175	2.937	2.628	2.013	1.395	1.260
	0.0010	2.19e+08	2.541	3.213	3.409	3.201	2.966	2.660	2.059	1.452	1.325
	0.0010	2.24e+08	2.580	3.236	3.431	3.226	2.995	2.695	2.109	1.515	1.399
	0.0010	2.29e+08	2.603	3.255	3.446	3.242	3.014	2.718	2.134	1.541	1.417
	0.0010	2.34e+08	2.608	3.273	3.460	3.254	3.022	2.718	2.109	1.496	1.357
	0.0010	2.40e+08	2.614	3.291	3.473	3.263	3.028	2.720	2.094	1.466	1.311
	0.0010	2.45e+08	2.618	3.310	3.488	3.275	3.036	2.720	2.068	1.421	1.252
	0.0010	2.51e+08	2.622	3.329	3.502	3.285	3.042	2.722	2.050	1.385	1.201
	0.0010	2.57e+08	2.625	3.348	3.518	3.298	3.051	2.723	2.025	1.340	1.142
	0.0010	2.63e+08	2.628	3.367	3.532	3.309	3.059	2.725	2.005	1.301	1.089
	0.0010	2.69e+08	2.629	3.387	3.548	3.323	3.068	2.725	1.979	1.253	1.029
	0.0010	2.75e+08	2.630	3.407	3.565	3.337	3.079	2.726	1.953	1.206	0.970
	0.0010	2.82e+08	2.631	3.427	3.581	3.353	3.090	2.729	1.929	1.161	0.912
	0.0010	2.88e+08	2.631	3.447	3.598	3.368	3.102	2.731	1.904	1.116	0.856
	0.0010	2.95e+08	2.630	3.467	3.615	3.383	3.113	2.734	1.879	1.073	0.801
	0.0010	3.02e+08	2.629	3.488	3.633	3.400	3.126	2.737	1.854	1.030	0.747
	0.0010	3.09e+08	2.627	3.510	3.652	3.416	3.138	2.739	1.828	0.987	0.695
	0.0010	3.16e+08	2.624	3.532	3.671	3.432	3.149	2.739	1.799	0.943	0.641
	0.0010	3.24e+08	2.662	3.550	3.686	3.451	3.173	2.772	1.847	0.998	0.698
	0.0010	3.31e+08	2.686	3.567	3.698	3.460	3.182	2.783	1.870	1.030	0.736
	0.0010	3.39e+08	2.712	3.584	3.711	3.470	3.192	2.796	1.895	1.063	0.775
	0.0010	3.47e+08	2.737	3.601	3.724	3.480	3.201	2.808	1.918	1.094	0.811
	0.0010	3.55e+08	2.761	3.619	3.737	3.490	3.211	2.820	1.939	1.123	0.846
	0.0010	3.63e+08	2.786	3.637	3.750	3.501	3.222	2.833	1.963	1.155	0.883
	0.0010	3.72e+08	2.811	3.656	3.765	3.513	3.234	2.847	1.986	1.186	0.920
	0.0010	3.80e+08	2.836	3.674	3.780	3.525	3.245	2.861	2.007	1.215	0.953
	0.0010	3.89e+08	2.860	3.693	3.795	3.537	3.257	2.874	2.029	1.244	0.987
	0.0010	3.98e+08	2.884	3.712	3.810	3.550	3.269	2.888	2.050	1.272	1.020
	0.0010	4.07e+08	2.908	3.732	3.827	3.564	3.282	2.903	2.072	1.300	1.053
	0.0010	4.17e+08	2.934	3.752	3.844	3.579	3.298	2.920	2.096	1.330	1.087
	0.0010	4.27e+08	2.958	3.772	3.860	3.594	3.313	2.937	2.118	1.358	1.118
	0.0010	4.37e+08	2.982	3.792	3.878	3.610	3.328	2.953	2.140	1.386	1.150
	0.0010	4.47e+08	3.008	3.818	3.903	3.630	3.345	2.969	2.159	1.410	1.177
	0.0010	4.57e+08	3.033	3.844	3.927	3.650	3.363	2.986	2.180	1.435	1.206
	0.0010	4.68e+08	3.058	3.870	3.952	3.669	3.380	3.002	2.199	1.458	1.233
	0.0010	4.79e+08	3.083	3.896	3.977	3.690	3.398	3.018	2.218	1.480	1.258
	0.0010	4.90e+08	3.110	3.925	4.006	3.712	3.417	3.036	2.237	1.504	1.284
	0.0010	5.01e+08	3.157	3.951	4.032	3.741	3.451	3.078	2.297	1.575	1.359
	0.0010	5.13e+08	3.180	3.974	4.053	3.758	3.465	3.091	2.314	1.594	1.380
	0.0010	5.25e+08	3.203	3.997	4.075	3.775	3.480	3.105	2.331	1.614	1.401
	0.0010	5.37e+08	3.227	4.021	4.097	3.792	3.495	3.120	2.350	1.635	1.424
	0.0010	5.50e+08	3.250	4.045	4.119	3.809	3.510	3.134	2.366	1.654	1.444
	0.0010	5.62e+08	3.273	4.070	4.141	3.827	3.525	3.148	2.383	1.673	1.465
	0.0010	5.76e+08	3.298	4.094	4.164	3.846	3.543	3.166	2.403	1.695	1.488
	0.0010	5.89e+08	3.322	4.118	4.186	3.864	3.560	3.182	2.422	1.717	1.511
	0.0010	6.03e+08	3.346	4.146	4.211	3.885	3.578	3.199	2.440	1.736	1.532
	0.0010	6.17e+08	3.370	4.173	4.235	3.905	3.596	3.216	2.458	1.756	1.552
	0.0010	6.31e+08	3.395	4.200	4.259	3.925	3.614	3.234	2.479	1.779	1.576
	0.0010	6.46e+08	3.419	4.226	4.283	3.945	3.633	3.251	2.498	1.799	1.597
	0.0010	6.61e+08	3.444	4.253	4.307	3.966	3.652	3.270	2.518	1.821	1.619
	0.0010	6.76e+08	3.471	4.280	4.330	3.987	3.673	3.291	2.542	1.846	1.646
	0.0010	6.92e+08	3.512	4.307	4.357	4.016	3.705	3.329	2.591	1.902	1.703
	0.0010	7.08e+08	3.543	4.319	4.364	4.020	3.712	3.341	2.627	1.957	1.771
	0.0010	7.25e+08	3.567	4.346	4.387	4.040	3.730	3.359	2.645	1.977	1.792
	0.0010	7.41e+08	3.591	4.373	4.411	4.060	3.749	3.377	2.665	1.999	1.814
	0.0010	7.59e+08	3.615	4.399	4.435	4.080	3.767	3.395	2.684	2.018	1.834
	0.0010	7.76e+08	3.639	4.426	4.460	4.102	3.788	3.414	2.703	2.038	1.855
	0.0010	7.94e+08	3.664	4.453	4.484	4.124	3.809	3.435	2.724	2.059	1.877
	0.0010	8.13e+08	3.689	4.479	4.508	4.146	3.830	3.456	2.745	2.079	1.897
	0.0010	8.32e+08	3.714	4.504	4.531	4.168	3.852	3.478	2.767	2.101	1.918
	0.0010	8.51e+08	3.738	4.528	4.553	4.189	3.874	3.500	2.789	2.123	1.939
	0.0010	8.71e+08	3.763	4.554	4.577	4.211	3.895	3.522	2.812	2.145	1.959
	0.0010	8.91e+08	3.789	4.580	4.601	4.233	3.917	3.543	2.835	2.167	1.979
	0.0010	9.12e+08	3.820	4.603	4.622	4.252	3.937	3.566	2.867	2.207	2.022
	0.0010	9.33e+08	3.841	4.626	4.641	4.267	3.950	3.579	2.883	2.226	2.043
	0.0010	9.55e+08	3.861	4.648	4.660	4.282	3.963	3.592	2.899	2.245	2.064
	0.0010	9.77e+08	3.883	4.670	4.679	4.298	3.979	3.607	2.917	2.266	2.086
	0.0010	1.00e+09	3.902	4.691	4.697	4.312	3.991	3.619	2.931	2.283	2.105
	0.0010	1.02e+09	3.922	4.712	4.716	4.327	4.004	3.632	2.947	2.302	2.125
	0.0010	1.05e+09	3.940	4.733	4.734	4.341	4.017	3.644	2.961	2.316	2.141
	0.0010	1.07e+09	3.943	4.744	4.739	4.337	4.010	3.635	2.956	2.318	2.146
	0.0010	1.10e+09	3.968	4.767	4.762	4.358	4.031	3.657	2.979	2.342	2.171
	0.0010	1.12e+09	3.995	4.791	4.784	4.380	4.053	3.680	3.006	2.371	2.200
	0.0010	1.15e+09	4.020	4.814	4.806	4.400	4.073	3.701	3.029	2.396	2.226
	0.0010	1.18e+09	4.034	4.832	4.820	4.409	4.080	3.707	3.038	2.409	2.240
	0.0010	1.20e+09	4.036	4.841	4.824	4.404	4.071	3.697	3.031	2.407	2.241
	0.0010	1.23e+09	3.996	4.850	4.824	4.384	4.037	3.649	2.960	2.320	2.150
	0.0010	1.26e+09	3.987	4.860	4.827	4.374	4.021	3.628	2.937	2.298	2.132
	0.0010	1.29e+09	3.976	4.869	4.829	4.363	4.002	3.605	2.913	2.274	2.112
	0.0010	1.32e+09	3.986	4.872	4.825	4.346	3.981	3.586	2.919	2.307	2.166
	0.0010	1.35e+09	3.973	4.878	4.826	4.334	3.963	3.563	2.892	2.279	2.141
	0.0010	1.38e+09	3.957	4.891	4.830	4.321	3.943	3.537	2.862	2.246	2.106
	0.0010	1.41e+09	4.104	5.039	4.976	4.489	4.119	3.714	3.018	2.381	2.223
	0.0010	1.45e+09	4.147	5.082	5.018	4.531	4.161	3.757	3.061	2.423	2.266
	0.0010	1.48e+09	4.266	5.126	5.070	4.599	4.245	3.861	3.214	2.615	2.475
	0.0010	1.51e+09	4.303	5.151	5.092	4.619	4.265	3.885	3.255	2.673	2.544
	0.0010	1.55e+09	4.339	5.176	5.116	4.639	4.286	3.909	3.293	2.725	2.605
	0.0010	1.59e+09	4.373	5.201	5.140	4.660	4.307	3.932	3.328	2.772	2.659
	0.0010	1.62e+09	4.402	5.225	5.163	4.679	4.326	3.953	3.358	2.812	2.704
	0.0010	1.66e+09	4.430	5.249	5.188	4.699	4.344	3.973	3.385	2.847	2.744
	0.0010	1.70e+09	4.456	5.273	5.212	4.718	4.363	3.991	3.409	2.878	2.778
	0.0010	1.74e+09	4.489	5.298	5.236	4.736	4.379	4.009	3.441	2.926	2.839
	0.0010	1.78e+09	4.504	5.322	5.259	4.753	4.392	4.019	3.448	2.930	2.843
	0.0010	1.82e+09	4.518	5.346	5.283	4.770	4.406	4.030	3.454	2.934	2.846
	0.0010	1.86e+09	4.533	5.370	5.307	4.787	4.420	4.041	3.462	2.940	2.851
	0.0010	1.91e+09	4.548	5.395	5.332	4.806	4.435	4.054	3.470	2.944	2.854
	0.0010	1.95e+09	4.564	5.421	5.357	4.825	4.452	4.068	3.480	2.950	2.858
	0.0010	2.00e+09	4.579	5.445	5.381	4.845	4.468	4.082	3.489	2.955	2.861
	0.0010	2.04e+09	4.611	5.465	5.402	4.864	4.487	4.104	3.523	3.001	2.915
	0.0010	2.09e+09	4.623	5.478	5.417	4.877	4.499	4.115	3.534	3.012	2.926
	0.0010	2.14e+09	4.642	5.499	5.441	4.897	4.518	4.132	3.550	3.028	2.943
	0.0010	2.19e+09	4.658	5.522	5.464	4.916	4.534	4.147	3.563	3.040	2.955
	0.0010	2.24e+09	4.673	5.541	5.485	4.932	4.549	4.160	3.575	3.051	2.966
	0.0010	2.29e+09	4.687	5.561	5.506	4.950	4.564	4.174	3.588	3.064	2.979
	0.0010	2.34e+09	4.707	5.588	5.533	4.973	4.585	4.193	3.605	3.080	2.994
	0.0010	2.40e+09	4.730	5.617	5.561	4.997	4.607	4.214	3.624	3.098	3.011
	0.0010	2.46e+09	4.753	5.642	5.586	5.019	4.628	4.235	3.644	3.117	3.030
	0.0010	2.51e+09	4.773	5.662	5.607	5.038	4.646	4.252	3.661	3.135	3.049
	0.0010	2.57e+09	4.792	5.683	5.628	5.057	4.664	4.269	3.678	3.151	3.065
	0.0010	2.63e+09	4.818	5.708	5.654	5.083	4.690	4.295	3.703	3.176	3.090
	0.0010	2.69e+09	4.850	5.730	5.680	5.113	4.721	4.327	3.738	3.213	3.128
	0.0010	2.75e+09	4.865	5.744	5.694	5.127	4.736	4.343	3.754	3.230	3.145
	0.0010	2.82e+09	4.887	5.765	5.716	5.146	4.754	4.360	3.772	3.249	3.165
	0.0010	2.88e+09	4.906	5.790	5.740	5.167	4.772	4.377	3.787	3.263	3.178
	0.0010	2.95e+09	4.931	5.821	5.771	5.193	4.797	4.400	3.808	3.283	3.198
	0.0010	3.02e+09	4.954	5.848	5.800	5.221	4.823	4.425	3.829	3.299	3.210
	0.0010	3.09e+09	4.971	5.869	5.821	5.239	4.840	4.440	3.844	3.313	3.225
	0.0010	3.16e+09	4.989	5.890	5.843	5.257	4.856	4.455	3.859	3.329	3.242
	0.0010	3.24e+09	5.008	5.912	5.865	5.276	4.873	4.471	3.875	3.345	3.259
	0.0010	3.31e+09	5.030	5.937	5.890	5.297	4.893	4.490	3.895	3.367	3.283
	0.0010	3.39e+09	5.049	5.959	5.913	5.317	4.910	4.507	3.910	3.383	3.299
	0.0010	3.47e+09	5.075	5.984	5.940	5.342	4.935	4.532	3.936	3.409	3.325
	0.0010	3.55e+09	5.095	6.006	5.963	5.362	4.954	4.549	3.953	3.427	3.344
	0.0010	3.63e+09	5.110	6.027	5.984	5.379	4.968	4.562	3.964	3.437	3.355
	0.0010	3.72e+09	5.131	6.050	6.007	5.399	4.987	4.580	3.984	3.457	3.376
	0.0010	3.80e+09	5.151	6.074	6.032	5.421	5.007	4.599	4.001	3.474	3.393
	0.0010	3.89e+09	5.164	6.097	6.056	5.442	5.026	4.615	4.009	3.475	3.389
	0.0010	3.98e+09	5.180	6.118	6.077	5.459	5.041	4.629	4.022	3.488	3.402
	0.0010	4.07e+09	5.200	6.140	6.099	5.478	5.059	4.646	4.041	3.508	3.424
	0.0010	4.17e+09	5.221	6.161	6.121	5.497	5.077	4.663	4.059	3.528	3.446
	0.0010	4.27e+09	5.239	6.184	6.143	5.516	5.094	4.679	4.074	3.543	3.462
	0.0010	4.37e+09	5.258	6.206	6.166	5.536	5.112	4.697	4.091	3.560	3.479
	0.0010	4.47e+09	5.276	6.229	6.188	5.555	5.129	4.713	4.107	3.576	3.496
	0.0010	4.57e+09	5.297	6.251	6.211	5.575	5.148	4.731	4.125	3.594	3.514
	0.0010	4.68e+09	5.325	6.278	6.240	5.603	5.176	4.759	4.153	3.623	3.543
	0.0010	4.79e+09	5.346	6.300	6.262	5.623	5.195	4.777	4.173	3.644	3.566
	0.0010	4.90e+09	5.366	6.323	6.285	5.643	5.214	4.795	4.191	3.662	3.584
	0.0010	5.01e+09	5.387	6.347	6.308	5.662	5.230	4.810	4.208	3.680	3.607
	0.0010	5.13e+09	5.405	6.369	6.329	5.680	5.247	4.826	4.223	3.696	3.622
	0.0010	5.25e+09	5.421	6.390	6.350	5.698	5.263	4.841	4.237	3.708	3.635
	0.0010	5.37e+09	5.436	6.412	6.371	5.715	5.279	4.855	4.249	3.719	3.645
	0.0010	5.50e+09	5.454	6.433	6.393	5.734	5.296	4.871	4.264	3.733	3.659
	0.0010	5.62e+09	5.470	6.455	6.414	5.752	5.312	4.886	4.277	3.745	3.671
	0.0010	5.76e+09	5.489	6.478	6.436	5.772	5.331	4.904	4.295	3.763	3.689
	0.0010	5.89e+09	5.508	6.501	6.458	5.791	5.349	4.922	4.311	3.778	3.704
	0.0010	6.03e+09	5.526	6.524	6.481	5.811	5.367	4.939	4.327	3.794	3.719
	0.0010	6.17e+09	5.549	6.549	6.505	5.834	5.390	4.961	4.350	3.817	3.743
	0.0010	6.31e+09	5.568	6.572	6.527	5.853	5.408	4.978	4.366	3.833	3.759
	0.0010	6.46e+09	5.588	6.596	6.551	5.875	5.429	4.999	4.384	3.851	3.776
	0.0010	6.61e+09	5.619	6.624	6.581	5.905	5.459	5.029	4.416	3.884	3.810
	0.0010	6.76e+09	5.651	6.637	6.589	5.913	5.471	5.048	4.457	3.947	3.881
	0.0010	6.92e+09	5.670	6.661	6.612	5.934	5.490	5.066	4.473	3.963	3.896
	0.0010	7.08e+09	5.691	6.686	6.637	5.956	5.512	5.087	4.492	3.981	3.915
	0.0010	7.25e+09	5.708	6.709	6.659	5.976	5.530	5.103	4.507	3.995	3.928
	0.0010	7.41e+09	5.730	6.737	6.687	5.999	5.551	5.124	4.526	4.012	3.945
	0.0010	7.59e+09	5.751	6.761	6.711	6.021	5.572	5.144	4.545	4.030	3.963
	0.0010	7.76e+09	5.771	6.786	6.734	6.043	5.592	5.163	4.562	4.047	3.979
	0.0010	7.94e+09	5.791	6.809	6.758	6.064	5.613	5.182	4.581	4.064	3.997
	0.0010	8.13e+09	5.813	6.834	6.782	6.087	5.635	5.204	4.601	4.085	4.017
	0.0010	8.32e+09	5.833	6.857	6.805	6.108	5.654	5.223	4.619	4.101	4.033
	0.0010	8.51e+09	5.855	6.882	6.830	6.131	5.677	5.244	4.640	4.122	4.054
	0.0010	8.71e+09	5.876	6.907	6.854	6.153	5.698	5.265	4.660	4.141	4.072
	0.0010	8.91e+09	5.899	6.931	6.878	6.176	5.721	5.287	4.682	4.162	4.094
	0.0010	9.12e+09	5.920	6.956	6.902	6.199	5.743	5.308	4.702	4.182	4.113
	0.0010	9.33e+09	5.945	6.981	6.929	6.225	5.768	5.334	4.727	4.206	4.137
	0.0010	9.55e+09	5.964	7.004	6.951	6.245	5.788	5.352	4.744	4.223	4.154
	0.0010	9.77e+09	5.990	7.028	6.976	6.271	5.813	5.378	4.770	4.250	4.181
	0.0010	1.00e+10	6.003	7.049	6.994	6.286	5.827	5.391	4.781	4.260	4.190
	0.0010	1.02e+10	6.018	7.070	7.013	6.303	5.842	5.405	4.794	4.271	4.201
	0.0010	1.05e+10	6.033	7.091	7.032	6.319	5.858	5.419	4.807	4.282	4.212
	0.0010	1.07e+10	6.054	7.113	7.054	6.341	5.878	5.440	4.827	4.304	4.233
	0.0010	1.10e+10	6.069	7.134	7.074	6.357	5.894	5.454	4.840	4.314	4.244
	0.0010	1.12e+10	6.085	7.156	7.094	6.375	5.910	5.469	4.854	4.327	4.257
	0.0010	1.15e+10	6.101	7.177	7.113	6.392	5.926	5.484	4.867	4.340	4.269
	0.0010	1.18e+10	6.121	7.200	7.136	6.413	5.947	5.504	4.887	4.360	4.289
	0.0010	1.20e+10	6.135	7.221	7.154	6.429	5.961	5.518	4.898	4.369	4.298
	0.0010	1.23e+10	6.150	7.244	7.174	6.446	5.976	5.532	4.910	4.379	4.308
	0.0010	1.26e+10	6.173	7.267	7.198	6.469	5.999	5.554	4.933	4.403	4.331
	0.0010	1.29e+10	6.190	7.289	7.218	6.487	6.016	5.570	4.948	4.417	4.345
	0.0010	1.32e+10	6.195	7.298	7.222	6.490	6.018	5.572	4.950	4.419	4.347
